56113727
37310042
48465567
44939041
45705949
37014465
51974107
32224331
58343349
29548175
41061247
32513292
50080881
56242235
48434463
49259051
46052148
60388247
49593956
45923505
39455152
58475098
25054476
51093336
33630578
40722747
33125125
20810289
53832320
49720559
55684868
54956035
46836144
53049593
50644120
21875546
58091160
47320311
53069316
45472792
58659931
35456737
44546664
38274749
21413884
48342561
58225338
50517791
47111757
46741473
39468050
55190155
42664209
50711061
48995426
54119761
22872359
34047723
39786600
50396335
47742633
46758747
43708715
54756855
57225354
40480580
24560556
44586525
36507075
42889914
54616004
45183787
52774038
44793140
25564417
52952719
40117438
42237992
57279977
25374508
31199637
36101725
22467569
57987799
58225680
22389881
46241393
54879508
44061385
40357692
55095255
38373845
52385498
55226238
54655065
58244763
40859902
22351167
55648840
40589804
21273412
38381487
54563288
30589253
50805961
23419927
48698994
44872335
50981292
40291932
53111712
30976565
42507740
40437161
44043110
56139805
53080687
55766283
31368634
23459558
41433578
26159837
50088470
38730535
32195426
51992483
50806607
41274113
54296365
37841988
18023769
53958806
43725434
53533251
27062416
44401186
48471552
58311235
37333366
44478779
46230815
58079869
54858936
40901086
54459305
52332763
30720850
43742566
45217462
50643245
53825194
48978527
28919659
38977916
51979094
50961589
53011291
27876340
40671291
40501167
48081428
38617598
47424450
38475801
57984572
39879424
32957161
53883944
50812614
38351073
57999586
44475824
41399374
25702760
38365630
36957135
40842770
52534267
39214986
37827830
56266549
55990934
55352288
47265899
53247098
54742456
40592083
57285331
58106276
47330849
49067407
43665361
44060565
26833142
38331164
38369041
31511914
55278126
58876829
48575146
58070667
38087208
53791136
29713233
15830576
37524270
46906763
59248277
56792158
44995238
48115378
20897161
56823682
21362786
56081999
56782911
38103615
47645206
49997612
54550535
41954952
44971950
38351292
54206243
34092696
58263152
46871724
56810438
52883994
53415984
47498705
50744144
49814913
58606232
54167576
25897135
42132115
54835580
28915927
50932837
43312019
35975999
46460048
51798141
52659405
37543819
60522645
45344472
37757623
50584621
49102679
28956243
41199156
58303333
44018236
51664172
25258879
53488193
50777103
42831452
30737938
39479951
46388752
25599927
45418456
52103298
42905599
57693886
53752102
61546956
57660980
38135050
43723250
30634515
19554640
52403494
30028385
25663637
47218317
39481683
41829458
43322515
37758968
61275773
57767656
16051487
30653514
30892038
44321113
54895734
57808829
54929456
53500121
47304464
41356158
48629933
47905333
36979759
51762359
46848228
30413493
55067577
38331302
49353408
47464956
41669997
48415766
37352490
48400534
48588898
53371591
52984748
39765327
54269591
42199599
54225193
22322389
44381420
53491229
41060094
48005569
21684594
32545371
35325846
53260689
56211632
43065641
47419034
50801654
52422395
53651563
58345350
52233327
28517643
45380861
43390696
47384558
37455984
24774039
39084597
37112618
57435232
51239402
53776949
37498164
49174826
47331462
37247032
60444993
36815283
44909606
54781318
40760341
35818498
41252742
58098600
52677999
54046034
37351260
41820355
54048542
42930346
53426417
39018511
50493155
50570454
53082181
50386943
56175760
25856399
46381406
53750506
49131980
57316608
56050262
53492751
53613607
52499953
48311379
40611419
44433323
26300626
47488540
16933498
47781035
40988315
58491994
29512899
40886487
21726620
42615665
38707396
37331487
54223821
49296042
38125233
47575578
55333388
54224744
27394204
46088657
52493874
18885469
52203846
43697547
40012267
56844111
42360804
52538861
55135150
25632848
46899165
30699750
43688528
39076171
41925405
44075762
37690319
52620373
56160672
43705439
50663550
46699586
27147871
55480821
52362704
53364174
41997788
25771313
57722502
40843316
46011255
25377604
42094004
52563523
41920219
56251394
54026442
50959008
28621314
46684926
53692972
59290365
43742965
38362836
26305419
55664280
46211606
58298545
40101237
39113750
49477774
53520174
55644543
47989585
47294301
40601686
31316754
44562721
42038974
55355682
53054729
37958135
33695659
40112177
54662934
49746026
58997960
45941057
48353738
35732101
40738663
54096068
54698403
42545417
48113358
50204829
51764590
48561176
46770753
52932415
53635985
50198518
57443331
48560486
48095668
42668423
47741228
50901877
43438718
41437890
37088029
57667024
49411993
40913960
37885942
50477468
26250712
53297260
43008633
28455702
53849095
40001370
32662279
18808103
42108850
46813528
43433863
53586505
47738975
42161458
29832973
57821799
38956521
47238957
41846520
58022566
52738664
58898684
38532188
35367660
50756059
39445474
45714665
49892524
58901799
38634137
47705126
36574338
53891454
44916007
57875801
37746023
42980038
54333422
51093631
57289524
24484358
24758685
49501446
30464811
44730077
31631951
39246919
49614819
21356106
51110757
39127638
48062804
16037314
47237247
44456281
16058248
58215406
54885851
48770625
49302282
37005243
58174653
42979366
50821409
57310136
53329459
57435334
53127209
26109589
27910548
59723170
42102659
31112510
49984430
38956980
39858030
58013216
25656208
48783166
57826929
53336031
44249975
48469735
40988145
57984880
48722553
52926883
37442112
44674589
39723625
56822463
40664107
53427888
22919261
54379375
34637383
42360905
50259876
49271071
48993131
44603989
37840543
40461844
44076919
28021048
49011122
43108784
36983556
56221038
19933096
41790092
22082018
47379234
37481450
30852526
40657017
56759688
55115796
30624137
52951177
56812525
41510413
51009283
43720463
57337677
50046360
46832368
37269176
53104986
48880175
26070714
55746983
39680649
52384230
30614125
61530956
28294908
46695857
54253705
46494649
41489090
34105793
45426222
57792503
55839889
52521534
58877552
38285066
48666565
40828506
43439141
40443452
45142023
40805232
49817071
40813487
52573606
57793635
50958834
30614103
42085151
43060558
31360196
39793967
24254718
46986033
39876061
38113219
56068087
15906078
39697697
44297511
37334971
57853826
32988700
46821034
54172234
46639294
39061013
21932224
39757514
50434607
49284218
49069070
55757525
47694082
46145451
39874631
54303596
44059575
38808232
24401952
58263608
30274206
38643528
40511145
34525830
50217121
54754158
58173030
49859851
39019303
40296593
47402899
49036177
25281192
48822753
54628752
38257781
47664041
52368452
32724426
50485986
20657046
53739309
33201025
46791860
37833194
45296811
35941753
47173326
52906926
58982639
57394108
51584463
56226213
25840423
54017259
44688611
41283491
46664282
58221267
48640714
33653506
41678184
53554633
40479545
47750187
58611354
52422216
53954052
47630252
55180995
29097400
38368596
53078548
35536709
56838732
52933578
34467591
37807804
44711772
37475125
42850237
38960087
41116513
23990794
40768678
21664085
37062467
40001779
57408039
23201370
41562636
38671970
43745024
55342003
43718156
55128111
52671777
44970241
37971849
44084385
40059414
31538491
33003682
37840395
41186275
48567173
50878059
42068371
40360227
61535680
47753639
46003632
54942618
56008326
40310652
36584001
44448895
53127211
50409041
49670046
37169307
26683629
32712072
37546074
52916716
38413596
58447880
59000370
54881201
40052609
44710420
40625545
40665843
43310361
49723197
50844086
54353751
38038993
18336263
41749490
35904262
37011103
49117319
57435215
53709088
39091204
51205213
46760928
46924574
60678562
53947599
38345984
54927847
50242025
47931737
45325227
35750025
46722323
49012105
47951023
50215144
59416144
46035875
44009818
41585332
54575851
52502059
43246155
47306282
47379081
61549018
49960173
51798576
38641100
39836023
53489697
44038461
44124609
49927276
47535554
43409943
40379148
30586798
37462995
51941417
45873598
35155490
48091780
49632431
34186191
37988988
43440248
56865198
44628743
49065595
54299186
39138194
48041288
49992968
26381919
42430600
49916703
54783422
40464066
54188142
20518611
57265987
36951922
29404951
47703382
27129235
50724068
50967170
19275176
47843166
56173574
40345450
57262530
43998033
40097264
43129260
31359368
22557702
46154906
53315937
50800467
54198976
36998449
41189093
58915295
44109568
23888395
26869606
49299058
30609498
53266730
38618433
44076143
54576599
45573981
31016765
51932106
37804294
47215948
30594725
49264139
57906846
51186257
44100444
58465268
39508370
40234432
50478269
21380578
37404328
50679299
42586636
38308414
61526650
47507401
49904011
54693769
44322626
41054027
40010270
22752933
58357046
59234175
44662926
43422770
54404067
27526719
38203650
39033187
39705829
49235427
52005593
38815932
30878988
29543439
40485004
47113221
58961224
57235309
40650873
38354689
45198182
58240169
38234659
61569575
30409912
31145625
57674158
51884987
20530369
54514603
49872682
38974727
47234421
53940827
43531919
43209109
58121892
50943206
39317609
39031810
61569373
34043508
28560597
26090196
44510291
56808796
50761098
54373643
40177554
49903203
41965656
49924292
43472774
48593610
58195819
35347248
44513927
56548110
55782082
38016046
61519358
58551891
46295299
27920178
30748178
53732894
57398602
43367033
48042231
41466529
47244813
20417238
48585418
34675957
61301770
58087379
57361177
53822736
43693121
47742441
44961173
28914169
22283440
50989117
50692177
54418149
49938484
41472826
24902537
38814064
49814172
15614982
52876570
51938313
37010666
47439360
52897706
39034510
27723178
48630658
57698487
27312454
44464197
51782792
47312591
44435307
24013025
53387107
50950677
33835147
53628229
38957958
37040234
57211112
49757706
30556725
33171110
54643607
37320627
49860228
57338307
52891285
37266678
47805158
57318166
40902589
49190880
56786659
54393787
55688157
38329317
49906225
40017985
50162845
20766001
58960349
55836659
46354881
50374694
49689967
44334249
49194634
59207591
39175758
56152285
48261326
57240090
53463210
44623482
21011744
53375701
49225305
39799915
36982228
51779572
38136924
50039429
55233213
57752163
31471619
47257946
53328994
58465497
36683316
52970513
39880421
43927013
49291706
29714701
50955148
34255553
35456363
37485681
46378689
45419612
51214098
46503923
46649873
46665401
48248400
40595115
48800332
44876116
37687511
60287490
58911636
44544894
45792987
53565047
52878177
36731001
45862380
35653030
39530194
55700556
20473733
45886975
54086039
38579947
54389092
61562908
54774375
42056121
37081807
53003295
31042162
36599015
47662936
58093401
52524813
52972705
53425588
46902728
47987821
38474153
55239448
53957987
29309774
54161441
30750345
58622568
34233500
58499026
37829518
48609450
58191906
33626582
49857035
43459059
30714009
38169145
57231163
61471156
61179290
40195780
49028368
48596701
50374834
24782705
45572023
61467940
40993001
53381975
47235852
30599197
29679564
23854629
56828972
39703601
23690732
53062104
48051682
57475930
40099307
35601820
48324756
25022102
56121575
30817049
39397254
46766553
48828943
50746812
37741978
53126364
39514454
28056038
50025238
41103077
56771498
24392173
42822415
47542151
48087701
49305414
48825123
47905131
55833458
41790576
38789724
50049431
40062214
20017965
60474263
53065735
56252952
30745456
41084507
49775992
18675107
48002918
50104485
41399523
32456087
37965750
41092923
43389643
56783232
55641038
24605239
54348422
41785318
24313565
54558610
38030588
44070655
40002515
48435374
57728255
41974746
39110352
35275362
48010601
33476291
43178832
49177919
30651073
58892095
61475706
46675829
37557038
34753225
44620972
49270509
39749558
55810728
39919256
44935456
43721704
25542376
39017455
40384782
51085624
44018009
58117009
53012579
56137530
55688148
43711868
58126509
46755011
14668099
43078910
44640518
42076891
30623389
40007860
41195575
24726559
54754945
42696007
44097680
42048840
39406177
46670296
24851610
50457874
30622010
56176077
43467099
38252747
54594752
50200782
33376798
22714359
56160505
40679485
51987439
41100079
58095315
53397407
37799118
43123956
15732406
55712329
44596604
44043854
35696672
38678613
47639071
18465908
47294273
42496182
59250765
33037395
53086360
54145667
47331772
53529811
37554305
30605357
46175427
54380418
46412154
58368866
26332659
51006380
30742727
50657673
37982527
38564587
44324260
23637794
30611778
49094133
40716479
28330617
29572820
46837721
45578871
49911525
39734270
58126296
57740707
53964260
45623385
33683661
20289214
27279253
47674490
32959678
40282030
41416300
38738820
19798016
37010869
30056189
47988224
54615604
42292317
38329516
61321712
44473321
26239773
54421818
54095490
57396845
23944818
55655553
40651127
57210608
31390907
50208948
46578129
38076346
44882329
44750700
32357525
25671703
56806555
57341557
33044281
37362520
50783321
40362831
57394733
43136458
45581321
45709164
55227665
52569787
43286058
46523894
55666200
54133670
53727620
40032209
22364262
19935356
53768947
38145840
42483506
40088037
52399451
46064243
42083373
54743124
37010557
48582651
58531451
37425094
48469771
23063018
22482161
39271339
54171229
53759632
55209661
50411307
47721809
43663364
48460831
61146925
26970999
57339569
37262447
57693581
39704346
47660483
43724456
23951185
39716915
42850098
45483719
54320735
55278075
56822553
54379931
55694591
47963880
44093805
38495443
50687476
35693932
49983747
58468579
38603093
40710058
28005187
50946898
16373281
53052217
53057363
53311163
58256006
44446428
43692140
49692361
54188535
53947034
37233648
42629253
39999320
45687480
40802959
54886753
17199601
33012323
40220225
43765784
49463804
37089674
46026050
33193830
31578347
56137297
58113112
37871915
43274014
51996580
46126405
49930955
55284037
43696084
37616533
35587381
26636232
57422248
49166581
24949746
31093324
59023594
37970345
16091846
43338011
43100474
55073838
47989643
40452587
30143251
51979049
42117169
33331665
55137458
51085472
58871987
50447586
48570970
42146253
57877562
49887769
54651244
48965282
35682034
37142828
43698285
48028223
43684238
43441780
27230126
17091916
49310512
40788911
54690865
29874217
43349939
53768411
42545027
51342473
54612532
30232699
40488506
55154479
18384627
38398176
59075116
26413415
53454009
56129301
54892884
44831750
55097114
37241619
48002123
57405220
47727625
40013970
46777823
53257514
42828612
26554224
61509228
38312670
57730345
48106227
16033811
37322151
42558965
21694238
45549152
37638654
39033711
55636762
50002533
53481866
46743453
17549555
60485496
54517526
35273196
50212712
41949702
16187874
49491816
43340441
57873910
28133412
57384773
40402497
39446027
24146898
37949977
49894987
53041960
49118266
52926856
40461769
48605639
40438441
40080397
50371311
46756666
51015336
40349814
41614800
42402689
37460654
55703102
53705262
15106548
42156565
40330582
43321583
50237801
56062628
40928823
43498223
54222795
30248337
37752502
40516558
54720241
34773990
39865850
60629684
44978985
52982052
50814986
54855844
54645114
43588885
58022258
42892572
22734352
48303943
26137685
25404577
57949081
43515770
47312417
48422665
31978820
47471069
38007523
39031538
44386479
45415027
43143952
44103571
37979340
41511465
50941002
49372746
57695419
48574511
56112326
47459280
38658833
30725981
44865329
58165112
50053016
40673350
40988266
38146238
31070060
32873633
54855209
48728651
53682139
42038088
40710261
31476872
32460604
37757840
50825381
41007464
50025944
48416261
43704590
50708454
14348808
40200669
28037385
21957960
46428242
51976125
32808673
51718921
41313263
53950727
39724573
44805091
30600643
38171090
57693748
53826518
57205859
40947451
54514376
61547996
20180668
50451910
61473366
58613008
58113924
27612349
45181561
49937659
56814636
56913291
23947195
53693592
35159421
41236442
41421875
50201695
50955203
37328170
40292577
39859781
46558202
28402402
39998843
48034314
44635792
48360064
49972444
38077238
38643915
58198771
58101127
39730820
44466812
45926579
46836124
56191676
31660182
53234441
53907747
52522524
43722845
37678342
44552993
53922328
43999257
46191454
57347236
15262569
49431994
39328729
30602265
53482475
53473715
38004359
42428590
21701767
55700036
55837798
37225734
37525447
31487807
42147200
37503268
30594902
61536943
49705487
49584006
38629458
26301516
29866909
54045030
50012376
44649108
52330752
35213724
50042123
43233495
38222655
56380956
28895677
38089128
57873672
56054640
56125350
49265553
42186598
49983553
54431040
32308594
61535966
27518255
58376795
53623550
39058062
53194097
41779193
48630998
39698718
45715829
32679198
50279295
43739754
40102755
49118252
40871153
51000617
37181359
29754129
38699705
51790801
58969618
49401194
50980924
31289123
49009292
50101269
42121432
51019489
35202550
54094191
48460744
42820754
49372409
58102904
39119577
35750715
53111112
58935202
43275839
22410486
50949713
47481649
37701416
51068139
50816110
42985753
49966738
42188350
37323506
45777715
59480047
51217174
52158251
53550721
39917938
43237111
45947575
51584344
37876114
44398722
40226342
48451548
37286752
49508336
52921300
48998392
54894670
40839159
46762644
37738541
28929266
27474524
51003838
29576869
54465877
42994189
40690495
46078356
26345913
52876152
41025889
46287933
44691992
44966369
38364819
35032031
21689621
37149385
38350615
42338498
59015057
44111085
24712410
31235491
39358127
49029157
58947964
49263127
40528211
49817438
49957743
41801163
53765919
48447211
35190047
26206313
50099126
37472631
54411416
50524001
44169338
48744293
44129035
51736379
49643967
50589662
43388907
51778351
23290537
27010642
43498778
51781812
27727219
30746617
26507095
34855028
40828530
46382013
43362179
57681723
57234772
43387279
37012791
37591100
17299034
38392698
42482700
20818432
41899928
48397138
55664366
57639400
34659293
50254938
50297942
39574053
30908915
41262953
38815307
29612851
52623287
50031214
42193485
55688889
35025299
51783866
49394837
38635381
51935247
44691513
57432625
57853676
52348871
44350498
41971495
39888217
41813659
54200087
23197812
45979939
58173696
41086951
37997252
38899473
59262349
46433221
58455550
38997007
34776782
43727205
43198550
59692923
61518382
27300428
44508865
44433403
49316478
48458378
47119478
17991649
39690711
48436378
32555576
56911785
41597345
27887210
44007475
21890507
52475528
61501595
29619981
42372787
47374694
49330608
50398584
53877832
52391581
60830323
48942660
43391832
48692813
41416514
32159744
52919248
53175477
44866427
48405634
38664718
37019390
58591393
42507082
36772713
58334897
44111603
50531643
39845596
39332514
31117198
44032430
47155146
53554523
48455086
51004076
41302318
37838340
41867299
47474458
53081837
40416220
53776016
54774685
36425218
47540536
57671447
49698790
41457208
40440633
48350944
37453428
58071236
49435747
42552383
39117615
52921462
53984483
38292030
41024477
58535039
52123205
41014975
30724423
47926468
39337874
50294634
31921118
23647117
39024194
57437940
28639623
20275719
39362309
50428505
19173534
49953893
41438441
42101322
22487520
42362901
42439468
46339372
44322321
26423492
49974518
51590911
57738805
42100819
55269733
51706400
33919834
47361992
45878432
37584601
48218854
53849206
38767905
47483860
44395735
27809994
42085242
50059181
46752955
37827552
53840751
56907532
38155733
53944886
57095072
41701834
53021477
46768025
44976485
48092043
43041127
17215200
22246462
26269989
54096360
34748995
42860699
40062960
52525739
50670703
54201889
56089241
29089476
44109722
52760556
29403778
51350574
46181016
55227037
47962980
45817343
38498942
54095916
57872981
49709039
58933766
57682800
49584808
52197412
48024892
48113845
43727747
53036842
55695382
48788259
40354802
45498128
31011047
47257482
46608986
57667841
52163811
27962067
54693256
55002985
47120165
57459211
51794153
60462756
58086576
54687508
40489065
56201704
20612195
52212705
57908620
26220295
49219069
31531271
49802507
41667873
53089404
24386427
50434564
54928086
29542105
50381376
37017127
58708532
55238703
52869361
42913994
42193272
38605696
38782972
49310495
58965438
53933503
39044365
39075976
56774442
56817715
43187198
49292311
39863286
34939171
50791570
41240954
41848349
43671655
42447207
50389221
57695151
43218016
49736651
52141465
57258998
28392293
55835632
37658790
57904060
23691670
49242060
50242854
52684483
58870045
25738803
51008486
44408182
58958048
29649414
47135811
34091686
56231598
45579306
39364635
47333050
48433333
54339721
57887342
34945341
54456457
54667549
44020548
40304849
52398375
45818533
57222943
53478030
33346787
43335566
40340301
37829575
38189763
50227700
58966965
57273843
37618966
50704264
41908990
41052481
53883872
54366723
50063580
46244587
53037575
41029171
55058096
55614663
40464836
40855896
44120500
55681331
49365327
56796479
40071637
40707601
48422250
53238656
38069604
46573759
56896483
55058323
40205946
48804982
37273519
25146811
42589450
57345523
41450288
39552621
40738282
53698945
58688449
40150456
56195727
56798067
55120460
56115089
40904486
53404398
33880160
40762847
49450919
48099776
42544222
47903303
50070853
41440174
38937059
49712247
30987692
49418065
49131738
44953145
58602379
50728940
48035431
53183753
37805370
53003697
48095767
40659283
48363438
53390411
37340488
49852555
46827772
50027461
42948690
37783769
42888329
53442041
38962424
33711658
56109397
54928469
49712337
41273001
49312713
54138695
58679992
43322625
21651970
41100316
53451516
41466017
41842219
50795366
25843141
45783562
38337777
43230020
48424438
55618154
41518192
54955609
48417363
40412901
51149021
50967898
45630839
55790472
55169780
32806978
41633784
39453884
37826299
41080219
56773811
34617317
41373880
42059075
47188188
46360468
56280028
40388966
39882951
42608336
53078617
42417244
39385716
28317766
30782552
38498142
53189402
47382986
43340150
48465945
35124106
56272777
54738889
54191376
23337051
49285351
37006067
40055037
42848448
54759336
49886539
21762279
47200517
43419902
24033937
53609891
48315919
27490081
50733176
40835717
44923589
44098434
50504791
49278388
47710032
40408979
17797986
53177901
35571002
48721110
53421623
52554196
37269826
49978012
37834132
42663775
45562112
31311682
37452131
38270455
58127416
41025417
40844664
49763012
50442654
42755675
55167810
44861645
38100672
49309808
55200886
57694634
25498027
51335582
53219797
31993380
27402433
23868908
39195705
47922122
48572184
55218399
42021701
42387016
43311893
57291329
41399038
49483541
50195968
55723244
39849835
38865967
38016741
30745349
43701391
52578652
37143901
45573262
49343113
47475436
23736755
48387863
40838501
57993960
29933753
49508455
41483593
52194254
37355239
55691358
48081573
40711311
50476246
53179356
56120804
23354920
41913861
23890063
37965245
57346739
46639482
40041424
38791103
48011969
51009031
42277902
42396002
41155296
55624190
26154149
61506276
49308198
55028519
43985270
45944754
32519874
48586296
38272570
55685335
54319895
25900206
58102544
48590635
58525053
54238687
45746305
50450203
50981614
58194055
55210934
46155166
39866123
19120615
39362612
52579653
38651309
46209358
58958023
50521553
48596136
47893019
26956355
34067758
38634288
27725228
58638342
35662362
42054301
49889110
50832736
60612739
53085781
42862991
50307430
38176992
25135027
60819389
45314137
49143245
52184582
49821417
47405671
47902664
50603247
55705094
51066753
9426902
53348926
41386043
33022522
50832087
48575554
45703600
41072216
39387290
54764020
53310054
58140105
48818615
58061195
48361572
41541119
48097996
43730293
47703432
41237542
52149267
53177325
36965958
37367844
49859002
48327589
49938568
46257896
54200380
40105980
44377488
46992107
30354026
55623050
50289263
52622305
49069724
53959665
44380859
42545969
26890649
30612708
35319961
51762328
45915654
48632981
57453155
54763430
48604047
48464970
49495491
56776140
35489094
48617794
38379407
43665628
41918208
53090414
53040289
58093121
48842865
43952753
52575709
41611807
42300101
43676385
36880820
38960543
47175913
58611879
41125354
45729261
36304253
39487743
51936825
21249944
46280163
16030259
46143017
50760313
43095578
39527894
41787899
25131954
55830910
60823845
52414991
46177883
41266806
43408265
34713155
47635505
40871389
58820706
45394145
57713833
48686152
58430581
53072582
43067207
21261736
39007483
53553128
29116049
58222049
53315620
53979689
33784243
50642627
20044670
57245644
14060739
48747530
41046723
52468696
37263067
37568709
46999161
49804463
20102376
38763161
40882661
37659993
38496424
42584190
54884593
58130027
5405412
54055972
44692232
33212406
53073980
40622218
46828375
30604403
52371984
32983613
51942794
48931420
54078403
38622627
33204441
44671155
58328546
40642062
54360460
43993553
59769677
56822825
53492260
39064309
54724446
40619284
49782799
48408952
48596803
38788845
53293849
39563376
30712930
30607869
11369222
37217752
53764350
44323666
54006076
57812372
36266524
40292780
60890232
41436472
30595044
48050623
50179808
40225059
47097764
41224785
48998026
34154012
58658502
50726850
40200287
40499486
58892220
41969395
41448636
40464036
42072930
47118105
48720425
31321093
49241480
44103701
27091361
44664148
47703336
42688252
50230212
50087478
43372331
40621055
20568818
56168571
57227490
56149404
58871455
53398542
46236722
37669650
46882967
37966995
56069084
41458409
37519308
37036521
13313932
52353290
54648644
44097615
43448667
40580874
41864603
44033037
50030537
32171046
61170320
31205044
42841050
56089878
47354610
53466869
49848001
57453494
41163817
50541831
47953019
48322984
54563278
56157547
35485467
57704090
38596610
54065555
47689494
49845985
46783491
55635194
11634422
40140142
50212797
41132768
36760549
38774084
61004618
35184788
38479181
39169387
55075276
50769720
38315767
51409836
36430091
48036064
42977704
44503305
46824392
42015014
49644577
44657208
42536520
39559944
47736808
41618572
49950916
46641880
58594500
57439984
50004561
47799705
26902888
49185296
55808917
53237852
47457546
58068420
46680428
50042292
42095103
36457643
56797935
37282282
43180776
45822777
54485079
50662082
58609656
52949919
40910507
47758549
55562866
32441081
43020706
58180719
58885057
54596767
53226298
41991226
38407502
52700421
22883816
54524592
54520767
50247546
61182239
54706636
42773920
52544542
56224412
47751557
23017337
59005747
53225017
41928724
38680814
45572860
42198661
40115366
46412220
56144963
53505609
24793883
50261985
46277563
47155926
46106359
