37
1073
376
516
4
62
0
1138
781
1
26
8
13
3200
41
3199
9
3200
9
19
17
1113
3
39
66
0
1
18
24
75
28
959
10
3038
781
219
39
0
898
664
40
1
3
10
275
1
36
28
49
2
2
268
27
1
1
10
1
3
1
201
2251
154
34
0
1
2066
56
27
0
69
102
578
7
5
244
1090
1086
28
61
1
3200
0
89
206
0
260
1
110
3041
60
0
54
65
572
2
8
0
527
250
4
3200
1
619
2
124
287
324
1
134
41
6
137
0
5
16
53
15
10
318
3194
9
57
19
31
79
0
16
20
22
1
1275
0
1
9
449
2
53
60
0
9
15
0
567
1806
536
48
43
704
310
299
73
0
2
37
1721
3
0
1
436
409
2
2
0
195
5
4
0
930
42
43
593
5
2
12
369
131
119
7
2
550
10
1
792
2
331
74
135
111
816
415
55
19
12
139
14
3
90
3198
9
1371
256
298
4
43
513
135
9
684
19
0
56
3198
65
162
46
168
267
3200
152
47
3
32
710
22
10
24
3
2233
1
0
329
75
0
3200
1884
354
98
127
66
0
1
4
1
515
924
1097
56
539
30
3199
83
4
19
4
10
239
23
0
5
196
2464
141
7
6
10
1
0
37
2015
12
455
22
6
1
62
49
4
5
3200
171
85
2100
82
19
5
264
0
109
1
3199
87
6
15
887
4
14
3200
81
10
0
11
2
72
11
1
2
398
8
7
0
15
4
1
1425
11
9
194
6
0
85
10
0
24
1
79
2
250
571
4
95
22
2009
671
1
26
90
71
0
273
414
1
93
23
40
11
2323
1207
4
9
75
35
223
2513
103
146
69
49
70
3200
3189
43
476
696
7
0
2287
23
0
0
207
143
872
41
1
75
1545
141
865
86
65
30
6
30
0
0
58
19
478
4
5
11
1969
1208
3
5
2733
0
248
124
0
274
9
144
24
34
23
9
3200
0
1
1296
104
12
3
144
49
48
36
2038
375
1
9
4
0
146
0
223
1
292
962
1
355
2
825
1
2294
324
266
7
4
67
137
243
2
258
2561
740
8
6
1629
66
950
171
9
11
3200
4
6
16
12
0
8
19
533
6
2
1
2141
712
1
18
3199
71
8
78
0
109
564
24
3200
28
30
0
12
41
1
1
16
7
7
45
3197
5
453
1620
667
4
140
30
6
0
426
0
0
6
0
188
0
2
1421
5
0
87
1853
33
33
732
0
196
89
66
18
452
301
3172
5
1560
119
235
1027
16
11
6
304
0
26
3150
11
1
6
10
106
3
152
5
931
34
1047
84
10
2
1334
9
217
0
7
46
40
86
195
10
16
73
70
55
3
4
143
64
1
103
109
158
50
10
451
0
2
24
6
875
3
50
2
3
0
0
33
1
1
40
216
13
157
417
202
3
1288
38
20
15
14
2
6
0
0
3200
112
2
11
1
0
52
2
32
7
796
0
0
1597
277
4
3200
992
46
28
5
43
224
35
17
16
0
562
0
37
16
0
619
1
38
29
370
46
5
1
483
52
12
187
1
560
86
4
38
70
10
32
1
0
291
967
6
15
1835
3199
2
377
2
0
201
14
164
21
23
0
1271
3200
2196
1493
0
9
37
11
1415
241
4
3192
2
12
1
30
689
16
0
2017
3197
4
17
464
35
81
19
9
84
57
1117
0
8
10
161
81
3
42
100
16
16
20
0
35
313
4
14
0
99
62
0
657
26
4
0
7
142
0
46
4
6
1
288
531
73
326
97
0
1272
0
930
1813
0
8
606
1
1180
35
244
388
0
119
2978
90
119
355
3200
581
37
68
93
111
689
6
6
1
76
3
34
3162
196
516
168
21
3200
0
17
206
1
0
19
110
492
3200
110
18
1349
1746
6
112
51
65
1399
373
5
6
44
315
22
580
55
19
27
3
913
3197
28
26
2
70
238
64
39
0
0
20
0
1
2
1990
92
495
2283
24
851
56
2
0
17
60
2
49
196
11
18
110
13
35
29
0
167
1
3
2
20
6
1
2
0
1
48
1
424
0
1
15
93
1249
28
103
120
8
304
0
26
16
0
21
242
0
12
0
2261
692
497
2
146
18
4
0
214
202
19
1
2706
22
1
1
910
559
10
824
1
2
9
2284
11
23
10
19
144
3029
1
238
727
220
45
420
276
1
1556
2919
45
10
24
36
1215
215
2591
50
3200
125
5
0
123
284
0
7
147
71
173
4
4
45
307
16
32
2
61
29
3
634
174
10
532
3193
535
46
85
44
982
86
359
78
24
3
27
660
109
104
0
303
168
6
0
328
0
3200
0
3
3
29
573
1
450
1320
32
5
0
22
195
18
1
2
32
1129
1
1815
12
31
1
0
318
147
354
3200
254
169
9
0
0
117
39
0
0
1
1408
21
0
36
84
0
5
3200
6
0
0
3200
260
12
4
219
76
1
40
180
3198
298
199
32
5
443
1469
2
302
9
0
34
16
9
120
10
166
1
49
38
10
3200
4
1
142
1341
5
817
6
16
24
15
17
8
1
248
17
1559
1
44
34
14
29
68
9
4
204
10
42
118
6
21
420
73
4
1110
1
354
1289
36
820
4
3
2490
29
5
1
25
12
3200
95
43
217
3
2323
4
16
30
19
5
233
21
258
23
1
68
51
697
1
68
29
863
2
174
289
1
32
3
1
1
70
14
1
291
53
1
23
8
3
798
29
253
21
3
97
2319
86
0
3200
45
2
1422
667
193
1437
2043
688
17
0
19
18
257
0
139
1
6
1
30
1
2349
36
2
13
53
277
4
3
67
0
8
1793
1
0
13
397
314
39
1218
262
405
81
3
12
1342
3200
2598
84
956
3191
18
343
3200
16
28
4
1
3013
6
20
53
8
0
676
217
9
6
67
0
2
24
58
3200
12
1
149
6
50
3
9
154
6
216
41
10
2
1731
8
1029
8
0
798
2
7
3200
283
2
2
3195
193
144
63
50
1
339
0
1
0
6
177
1
6
0
19
91
2
346
93
412
903
0
3147
14
2641
16
89
3
33
17
1067
29
1
0
456
22
0
1
0
56
57
4
0
92
50
50
39
46
5
560
4
19
2622
0
6
11
11
188
956
7
91
1
535
7
225
1
1
33
29
232
18
1
23
3191
96
1013
3200
236
39
3
11
0
41
1806
223
99
1365
2016
4
96
6
3200
80
16
20
28
198
3199
4
481
8
2
178
632
343
4
685
819
0
29
2
328
28
7
15
218
1
3200
23
291
5
2744
65
82
14
1355
1
8
3186
1
118
996
32
113
32
2
0
52
10
10
71
46
0
206
288
556
359
53
4
7
300
28
0
586
1455
380
3
3196
884
60
705
25
1
51
6
18
26
6
13
40
0
4
32
324
15
1552
3194
46
224
12
4
2
3165
0
14
7
33
1051
66
3194
9
1
16
46
22
17
11
0
6
400
768
3200
43
659
56
965
7
1
5
445
27
36
2049
2
19
0
47
1
37
20
2
4
7
73
86
560
3198
111
11
96
34
60
4
1
253
0
12
155
3
0
18
77
10
1
8
3199
11
10
136
605
3114
54
238
9
208
86
766
0
2
7
122
427
691
971
13
0
0
219
1
9
1
9
473
14
56
5
1
57
14
947
3
3200
107
7
0
138
1
24
339
0
0
74
22
248
67
0
0
585
371
26
1
24
9
234
2
1294
177
10
177
4
61
3
110
8
1378
0
904
239
5
220
47
20
113
1
1
452
1162
0
12
2209
79
1
628
357
3200
2113
2
154
0
686
77
211
0
13
69
6
0
3
0
15
0
0
357
26
3
16
81
39
3
176
8
235
5
0
2
297
182
81
2
53
3173
39
2719
2
348
398
66
815
598
31
0
56
1721
0
112
1281
42
1924
268
0
191
978
1
27
13
83
0
4
5
25
1365
2155
77
32
246
1466
481
828
8
2
203
267
456
0
254
2
402
0
181
143
0
94
226
1
0
2743
2325
62
1922
166
655
1
0
4
5
102
59
65
1054
635
94
200
204
253
1081
752
9
1
205
13
3200
3
1
3
3200
14
1997
841
115
23
3200
1
8
58
1
292
709
3
80
2
1
3
0
1287
3036
1
0
6
9
22
23
150
2
112
92
41
26
1
0
19
33
3190
84
1
110
115
320
6
56
55
47
28
0
1
163
3
1
107
75
3
0
67
0
65
3
177
2349
1689
17
291
10
1553
32
0
0
497
744
206
2547
21
16
2
367
98
80
3139
8
4
47
4
3
136
360
120
17
3200
342
19
9
1
23
374
4
2
9
575
1775
28
754
36
78
4
45
61
39
38
177
0
2
6
0
126
0
17
3
3171
488
3
0
4
1016
0
13
102
10
852
7
1622
2
277
445
0
87
65
22
21
1
25
3
14
69
3199
2698
2
149
24
1
259
28
294
27
3195
637
7
0
38
75
1627
15
0
26
460
343
12
38
7
58
23
38
11
1
0
0
2
0
68
1379
15
78
59
5
38
7
4
320
4
263
7
564
216
50
9
202
0
9
18
28
681
26
10
21
2
57
0
4
52
5
0
0
2
313
1
5
2210
221
552
84
21
684
14
5
677
1335
0
3200
42
2
244
885
2
161
150
50
14
388
2541
135
1098
548
27
2
313
2
2
173
20
22
3200
50
67
86
454
0
8
15
2
3
897
0
33
20
263
0
187
53
78
1500
5
0
71
6
144
503
215
35
78
2210
15
1044
141
10
1
43
66
1011
5
2
18
48
3199
18
118
142
1841
10
116
542
2
152
556
613
178
53
8
903
12
1269
2117
99
1283
1
2
41
97
2
203
5
2
0
3188
122
272
2870
0
196
0
2
1
2
5
287
12
523
1
96
1
1
13
83
275
2
16
2
31
162
11
2
1916
6
34
0
7
0
98
11
268
441
20
1
3200
196
648
3
267
0
0
200
2
1861
8
0
3
514
11
644
97
202
77
1551
4
0
1
81
3199
12
3200
226
871
16
13
1
4
72
196
728
11
2
7
23
29
1588
1
5
3074
131
195
0
3200
8
46
161
2
6
99
0
336
35
46
3
116
171
196
535
5
13
72
102
2
1090
1854
20
7
2
378
1
753
2207
6
641
14
407
0
2
24
40
3
306
7
98
180
3197
1
1
2
0
18
1
779
343
132
34
54
141
7
44
436
5
1
14
0
70
1
0
6
351
6
100
17
12
2438
2
611
14
324
5
3
1119
24
558
1715
46
1
1
888
9
95
13
1104
5
1
10
730
178
109
10
67
42
20
2
61
9
3
69
23
7
11
60
3200
2
286
13
5
10
958
891
2544
333
1977
20
119
9
289
1
64
72
0
78
1
7
12
171
2
31
3200
2
18
1
10
1736
4
0
3200
30
1996
230
6
79
2
2
4
170
157
61
10
1
7
3193
165
2
2
0
0
8
1
4
26
1
2000
73
98
92
11
103
0
1
180
3200
1
158
54
1373
218
0
1
5
61
4
5
64
1
3
2092
432
0
13
25
0
38
19
0
7
183
16
0
2
253
2
38
14
41
4
17
544
520
13
96
23
114
3200
5
74
4
154
393
1388
7
8
209
45
138
296
0
372
0
67
650
163
26
30
13
27
1
9
1109
5
7
2100
9
19
3200
469
3200
10
1
3200
5
1
3
9
0
242
279
0
22
29
191
137
0
0
7
7
3199
36
241
0
1583
3200
11
190
794
230
82
21
148
25
6
114
9
3197
63
29
2
39
1
1961
120
8
600
18
57
809
84
1913
154
82
32
10
77
13
200
0
4
174
1743
273
88
99
2007
5
3200
7
93
55
151
22
0
21
119
58
0
28
2
103
25
271
1
518
3200
5
0
17
5
74
2330
7
1
1
33
4
1
7
10
3
31
142
7
1
363
206
3200
66
71
407
3
0
26
1093
494
24
163
501
0
3200
4
5
37
0
2
9
519
187
0
147
0
137
0
21
4
3200
11
0
944
280
352
1218
3
540
10
3200
51
3024
9
52
2951
0
6
1
688
1
130
3
46
2
1
18
215
2
0
69
4
2
12
2
22
9
8
2
1533
60
623
1
10
1886
96
26
2
42
3
70
266
25
17
3
0
23
1
102
14
52
21
1457
3200
132
15
70
458
3199
739
20
583
74
3192
361
15
8
148
8
351
1
62
1
331
555
524
0
355
47
4
4
0
390
4
10
261
139
193
45
0
7
94
1153
1
200
46
56
85
3200
0
211
3199
9
1204
295
559
0
2119
41
268
0
3200
32
390
0
220
19
5
670
0
378
81
4
2253
25
0
183
14
76
47
1029
11
10
89
875
4
97
3197
85
1
5
64
3
6
0
974
751
3
11
31
40
474
0
571
67
28
3200
636
8
11
2
4
72
68
42
687
0
18
14
17
93
1
2165
1
35
10
1269
29
178
488
894
49
441
2
321
250
1106
105
0
45
88
265
204
1057
2016
6
29
0
1205
13
5
1272
77
35
2537
2
11
67
39
5
178
158
0
199
24
13
278
35
484
639
69
8
23
2
12
452
0
383
17
677
611
1163
53
54
166
0
3200
1
470
28
1140
0
1
1305
311
7
8
25
167
207
8
600
714
768
30
1
19
10
91
188
590
16
125
4
2710
70
1
88
3
62
45
65
10
487
3
34
15
66
8
66
0
51
83
123
2
93
168
36
511
586
0
1264
14
81
330
35
0
124
3
2437
2
14
11
8
104
91
1
217
802
222
208
182
199
0
652
57
3
124
937
1522
38
0
729
1632
2
371
2
24
68
780
2855
4
18
591
551
45
80
0
30
41
2
4
100
1448
4
28
3200
1
0
5
662
12
462
599
1343
1616
3
16
21
57
19
22
9
23
15
0
3
62
3200
2
38
0
0
307
446
91
5
3193
13
3
1
1147
28
4
0
694
0
1078
130
26
47
20
37
4
175
3200
27
1512
12
10
18
0
241
85
0
3
0
0
298
1
665
3200
3
486
1953
0
9
3200
1259
0
1471
16
1041
7
3
1
479
220
3196
167
733
0
330
1
780
171
0
3
750
2
145
372
46
0
790
16
130
287
68
0
0
28
124
8
26
82
0
23
153
11
2
19
3200
10
8
0
1162
7
12
1407
18
0
16
0
1162
51
34
1
3
296
105
399
1066
498
261
42
3
1901
1
37
1040
467
2
41
9
0
0
17
466
3200
1
9
9
513
661
1
311
0
513
0
1
38
664
61
118
6
312
2
50
0
1195
2
427
1031
2
1
80
37
14
972
97
72
47
12
5
4
441
57
24
296
158
135
844
23
1042
1
1
38
2
1
5
398
0
167
757
1
17
5
165
329
0
432
3
25
79
4
0
22
60
26
183
57
30
3181
100
3
223
184
91
281
50
20
133
248
252
1
1
3
1038
11
63
121
462
25
548
19
3
707
70
25
4
1
20
0
800
24
2
1309
136
115
71
26
132
21
37
373
34
105
11
6
14
0
60
121
28
27
11
197
0
21
3200
3200
57
2
1878
14
11
93
203
76
3200
15
15
46
25
0
93
166
0
3
0
61
1
3
0
1563
14
2
1
59
0
4
89
10
330
3188
0
12
1
0
0
446
10
191
10
35
0
5
1908
4
88
14
17
0
262
19
1
4
67
14
171
28
32
3
52
39
0
0
0
0
269
16
1875
758
209
273
232
710
4
553
6
84
3200
65
33
8
781
1033
80
131
248
111
2
553
3200
1268
0
6
1
7
10
69
6
266
63
2930
2588
0
26
0
0
1
16
3
201
2
92
0
22
3
4
2535
22
32
367
7
31
26
875
301
3198
544
240
955
3
6
5
1
0
936
18
1
6
22
8
7
373
3
2614
3200
1
5
1
60
3
29
706
102
91
16
4
0
1
568
884
382
3
1
7
3198
1531
371
0
875
11
0
85
243
16
2816
36
1
0
772
3
285
4
17
19
0
9
728
3199
14
34
415
0
1
2
104
227
92
41
89
0
9
0
12
320
1
40
0
323
4
130
6
263
2416
1
48
82
402
1227
676
1
7
11
224
2
278
360
34
2
0
3200
3200
124
2
26
9
46
0
49
6
4
10
3185
1163
15
25
2
3
13
184
105
22
40
3
681
930
20
1
21
0
130
12
27
14
116
565
454
0
1
1
1
99
3
1
4
693
1
1
214
0
391
1
3
3154
40
0
0
110
2
40
281
2
179
35
35
13
127
8
2288
0
1
13
4
90
338
2886
8
2
446
405
4
105
1802
46
434
5
10
1
10
564
657
7
83
41
54
2
32
303
10
763
1
3
0
5
934
661
1
1
1474
1080
1
1
20
272
21
0
198
57
8
63
82
8
953
0
0
59
28
2
7
378
19
0
699
304
403
2
5
6
76
211
0
523
73
1020
315
3191
2
27
1
1
11
1
1657
14
0
34
72
170
17
2
121
57
5
150
42
4
8
43
1
107
12
9
0
22
0
139
578
61
71
80
38
67
20
76
422
19
0
75
3196
131
0
103
53
45
38
2810
514
44
1
6
0
236
614
15
12
26
86
15
2041
3200
15
4
6
742
0
96
50
70
4
90
3200
2
1316
55
1
577
0
3
3
317
0
104
247
236
3
284
134
3
3
28
44
192
30
21
12
1
1501
5
9
678
13
266
0
116
27
1345
158
2
4
3
135
596
5
1
1
1
46
107
200
3
336
142
2
29
5
57
33
26
0
3200
3200
1
119
79
127
632
3
8
588
0
214
13
2
13
1790
0
8
10
4
58
8
0
3200
2044
23
19
22
0
0
69
941
22
1
0
2121
44
9
0
374
1
3196
25
95
73
97
169
13
5
190
396
0
17
12
1713
1536
6
9
6
0
281
4
9
3200
933
3200
11
5
0
2220
1
198
172
1
213
1454
14
2
12
2
737
3200
19
9
3199
837
1903
71
62
45
6
2747
46
1
0
10
1087
14
46
157
358
663
3200
48
3
73
51
730
19
609
765
0
27
14
4
1858
13
29
117
3200
201
8
1
4
1443
553
14
757
1
200
0
53
23
5
2039
3
470
168
0
0
1246
10
7
404
60
39
4
138
21
27
180
54
128
2
1
46
12
384
595
5
79
103
70
4
14
84
0
306
164
1406
6
32
3200
26
0
38
14
138
3172
0
74
220
14
13
0
20
7
0
24
503
257
743
9
45
3200
77
3200
2
0
13
1
0
0
31
30
188
35
16
1
3
0
181
0
3196
45
50
2
20
216
1
2
0
233
4
14
3200
30
5
2
35
3
158
41
1
1638
18
1
13
151
747
3199
0
3200
9
0
22
1384
59
0
1210
375
4
985
1
24
204
4
2
0
155
1
240
545
1
7
595
1873
1611
1
17
11
335
0
27
43
10
3
151
51
10
77
37
520
107
2
60
698
1
488
80
10
5
1
0
135
2024
0
9
76
4
2
25
3191
146
1444
592
4
3
0
70
8
154
3
197
327
203
213
1323
494
2
6
2
18
30
84
171
0
3200
244
35
19
571
2
189
2939
151
2
7
1
119
38
3200
92
22
144
68
617
16
13
31
40
7
2017
4
74
405
98
1
1
0
1
197
1
30
0
25
849
24
72
858
73
1
49
908
1
5
24
34
2035
12
1
80
13
3
5
61
1341
58
12
30
76
75
179
1
20
12
3076
256
5
3198
0
920
11
8
12
90
1219
1
47
7
0
50
170
22
0
70
3144
46
10
1
2
23
3200
389
769
7
2
1707
687
6
148
6
5
10
251
39
51
785
0
0
203
0
469
2030
16
720
35
1508
1
147
148
0
3200
8
1999
1
11
317
14
185
3
2614
19
6
1
3199
63
1181
51
1
15
498
222
2263
191
18
0
15
60
61
1614
0
2
66
59
3174
5
50
3200
0
34
2
7
51
16
129
0
313
3
1
3
9
1545
0
5
1
110
9
471
74
1
101
12
0
27
266
1
1003
139
10
442
134
0
31
252
2566
4
10
279
481
134
0
246
32
6
29
0
23
19
5
1
3199
217
9
17
63
13
11
3200
2
79
0
371
3
5
51
68
54
85
8
297
0
2
21
4
2
342
382
568
17
40
1
58
22
143
0
571
3
12
326
11
0
44
1054
1285
6
20
168
62
3
44
1
277
70
359
0
38
0
0
8
7
393
561
271
961
408
0
1521
9
34
140
1
76
25
5
91
955
57
0
47
7
5
0
9
28
120
4
450
1
5
675
1
3198
54
77
77
14
1
627
515
77
518
43
81
4
3
0
3199
195
23
2
51
14
1579
4
0
404
2195
10
1
0
0
26
4
5
4
14
20
1
17
355
679
276
47
0
27
9
0
453
3200
5
3200
55
97
67
51
0
45
18
8
133
2
112
1977
53
100
11
0
5
405
1229
1929
206
290
42
17
1
616
28
5
329
2764
90
15
2
17
828
3200
1
1598
174
0
9
6
143
539
1
34
149
33
3198
6
0
97
0
10
1885
27
3
4
143
151
0
3
1287
7
842
2155
558
12
15
0
2278
930
14
3
578
1402
53
782
3
7
181
3200
9
2
204
21
676
4
58
51
21
15
1
145
410
12
3200
32
22
70
135
3
7
2
49
11
2
1053
0
10
82
5
30
20
64
78
3199
7
2
6
3200
22
3
13
281
19
1065
2222
22
270
0
155
182
3199
3
67
174
10
8
1
1107
271
317
81
404
569
1
7
55
173
15
2746
8
2025
472
1
1
410
3
5
3200
0
1
1051
70
107
78
1
4
1021
2
544
1566
633
5
2
6
51
10
758
92
59
6
164
3200
81
118
80
205
3
3200
28
2460
1
8
250
110
15
1527
3046
3
41
3
36
111
70
78
2752
10
41
2
11
300
28
1
128
85
17
440
235
0
513
22
0
9
669
110
2939
0
231
18
731
13
388
754
9
0
0
0
2
0
50
2
33
6
88
3200
207
2
3200
16
0
12
425
12
31
3200
31
9
48
253
8
0
6
2436
49
0
1768
3200
16
3
941
1559
21
41
77
29
177
67
79
64
1216
1
16
1
211
0
459
337
297
339
1122
50
10
153
2
0
12
15
0
51
2773
779
11
5
12
427
3
646
62
6
0
0
29
156
59
1213
1
3200
327
103
3200
3199
1
2432
17
1936
30
0
1
0
0
39
3199
1110
73
189
6
281
0
66
11
2
0
38
0
372
65
16
123
2
957
2
1
290
119
3200
66
51
2522
200
197
5
54
951
2012
363
1
0
58
1
571
268
2
60
1
39
406
59
56
1
267
13
66
193
4
39
0
244
247
0
7
9
0
14
14
941
635
416
873
1785
230
552
3200
357
3
52
6
1
0
1685
22
1131
10
1058
491
228
1
0
23
8
2359
0
0
8
198
0
138
1
1169
1
1249
1
1
154
114
0
0
761
0
1
40
7
248
249
8
77
235
18
11
31
335
2
2
5
5
0
64
16
3200
1
27
46
30
1
294
446
23
2623
131
525
2877
277
1083
0
474
4
0
2
0
61
306
494
86
6
159
9
110
16
9
0
457
228
1
1
146
37
37
65
236
42
222
517
0
2
33
608
51
7
33
0
990
93
0
30
26
32
115
12
274
1
167
27
27
259
35
84
11
143
15
8
472
1833
0
19
40
1
12
6
20
654
12
3200
1
6
2
3200
0
5
1269
1023
1
25
1
638
1
1
3167
166
6
0
23
3200
140
29
8
1003
109
125
6
5
172
8
231
1
17
15
1181
3200
256
32
51
2
2
8
77
0
13
12
2937
4
107
18
80
376
27
7
738
2504
18
9
301
599
101
58
86
1
109
34
278
84
3200
18
0
829
0
5
11
42
0
326
558
92
55
78
348
9
2
1064
23
14
2880
0
16
4
315
109
65
348
18
167
180
6
129
3
3200
1334
2
88
87
71
0
2250
30
393
44
3
8
130
744
6
587
14
18
0
436
174
2
4
16
1432
1
103
3200
14
41
585
60
79
2
2
0
6
20
43
170
21
6
118
320
3
2236
31
24
52
3
12
5
257
0
83
6
9
365
4
142
65
3036
1
340
249
73
2
3055
8
0
21
0
1
123
26
3
16
2
150
135
5
7
1
5
108
455
1287
34
13
0
183
1260
65
1497
3200
35
19
47
4
26
234
1948
362
6
623
5
357
220
3
7
1983
5
3
17
946
21
0
465
556
3200
87
249
411
5
8
24
16
3
147
130
1
1
13
1814
348
40
759
26
53
284
113
1506
90
513
43
5
4
23
139
114
10
132
1
0
61
255
48
192
2279
176
835
44
221
98
103
3200
19
0
11
92
33
6
0
103
276
0
471
2901
56
87
238
0
0
20
793
3200
3003
20
191
22
17
894
4
0
133
1
23
1615
53
113
184
0
2
47
4
7
19
3027
38
1919
2574
48
1
25
19
400
1
7
154
73
2
24
4
0
3
56
6
0
12
51
1
10
35
55
21
2
169
520
49
22
3
0
793
11
1889
25
3
1
5
14
70
147
1
8
36
56
187
9
10
249
26
164
29
0
12
3200
10
2
14
10
533
0
16
3200
6
283
3200
3200
1
14
102
3200
32
13
27
37
478
27
0
1
44
5
3198
661
7
978
51
57
963
36
73
331
20
24
10
1
230
999
53
19
188
363
4
1
7
263
2
115
16
957
3199
551
487
67
2484
90
1350
44
1
1497
1
28
746
7
4
5
27
31
1
20
118
28
3191
3200
136
20
170
11
1356
10
133
18
42
118
1782
193
450
1
50
11
13
5
0
25
1118
17
137
0
18
313
387
3200
1483
484
42
0
9
5
313
3
50
502
36
1627
94
8
6
2237
187
39
15
1268
68
792
264
185
37
352
116
2
1647
478
13
236
3200
1
9
0
256
547
101
227
602
15
1
14
297
0
0
188
136
4
945
33
12
28
431
4
279
960
12
0
93
293
265
1903
899
123
1376
231
7
10
1987
28
19
21
0
17
134
0
270
6
11
4
18
9
2
3196
173
2740
2
26
76
4
15
22
142
2
292
3
828
25
0
2
80
2
1
269
36
23
19
19
255
47
215
17
9
23
22
11
182
16
1
8
1
21
25
250
21
114
1
4
203
13
2678
9
0
2
26
8
1793
634
19
116
1
45
8
31
1
4
1337
33
131
621
189
9
1460
17
155
122
0
1
70
3200
61
3200
1131
639
210
691
639
5
119
0
165
501
5
0
600
56
1
37
22
47
119
3
178
217
1333
2281
39
1
303
61
3075
24
126
4
165
2
352
1542
3
464
473
1
18
3
12
10
0
2
3
83
46
0
40
1
702
0
3
22
58
80
2
2191
0
115
1
418
608
10
15
2
1
49
139
0
5
1
348
5
0
0
168
120
1561
61
0
538
3199
6
1
5
0
84
49
5
743
301
13
66
2
361
4
1029
54
136
601
470
3
320
65
309
0
19
5
510
47
28
36
227
3
1011
553
43
18
4
21
27
6
34
4
1
0
213
22
230
448
3
3
1
457
5
0
30
1835
30
14
12
0
14
103
1166
166
0
1000
354
164
217
41
3
0
10
1
3200
210
421
1000
7
0
96
740
1
53
7
3200
257
11
84
55
28
68
361
1
347
117
180
1271
92
18
0
7
34
101
3200
63
0
24
48
14
4
8
6
22
0
0
488
0
10
0
2
9
757
222
36
3200
49
9
1
26
192
44
2176
247
37
5
1942
0
211
3
16
2
24
6
52
126
17
3
189
822
23
0
1
800
102
596
32
1
3
0
13
318
1293
311
38
1492
3200
12
164
30
88
0
10
0
1186
162
165
19
102
18
225
7
28
12
1027
24
91
75
444
275
15
9
24
24
233
10
5
17
3
18
372
71
39
1019
51
11
15
1694
2
22
0
108
18
3200
159
849
326
0
17
62
270
156
18
34
12
97
53
1043
12
4
2416
6
136
3200
387
3
10
3200
1145
1
2
0
76
1
2598
51
26
0
16
0
43
936
3
59
257
14
0
0
1400
2090
5
385
0
1442
2422
111
2
13
3200
1
0
0
8
157
0
42
3200
39
189
178
1
59
54
29
274
1
22
4
0
18
2
15
10
49
1271
13
66
130
390
0
2
0
30
19
912
75
7
2
39
13
0
3
0
137
0
0
321
19
195
143
33
8
0
4
1
7
0
2338
0
26
285
1286
1
30
3
191
0
220
52
0
88
43
3200
39
110
0
1293
2
2876
1003
11
6
2302
3200
21
24
2214
3198
337
1380
94
38
0
38
95
0
15
177
1
2
20
3
1151
1
272
118
0
109
110
11
1
3
6
360
2759
50
2
169
68
17
307
3200
106
4
121
0
45
13
118
1
31
141
14
204
13
26
14
180
77
1380
1495
410
4
1976
17
2442
58
49
15
0
27
124
399
31
40
50
3
109
33
1
211
1799
12
143
128
36
3
98
16
115
72
669
1066
25
134
52
109
1455
0
24
2737
36
10
3195
20
551
0
1
11
43
54
32
4
10
144
3097
1
7
0
2
27
0
1
16
108
55
50
4
14
959
464
4
61
1
103
0
60
454
3
6
191
20
260
703
5
20
30
7
2
4
1018
1
3160
3
14
290
3
117
31
2
4
10
3092
3200
12
8
133
333
40
10
66
4
16
129
2712
10
22
2274
0
1512
25
2017
7
104
0
653
11
6
1
37
340
27
78
1
89
196
902
32
0
1
1238
3186
9
62
5
15
85
169
21
2586
136
1031
153
1925
815
121
516
53
22
17
33
139
60
10
18
15
108
139
1
1
1
1
160
8
2
0
581
87
23
30
244
6
58
1
1
454
20
1
32
870
105
2415
25
16
2
20
17
881
2599
0
17
33
9
859
586
1139
223
116
91
1
211
9
4
167
338
3197
0
0
9
4
358
1
222
1660
14
145
0
2
381
137
34
6
150
89
33
21
26
89
0
13
16
1204
0
0
34
78
387
0
373
1
1
196
0
35
3200
3200
31
3200
10
49
225
0
16
8
28
241
6
287
10
33
1
140
19
6
321
1
1
1926
137
1283
219
117
1362
6
72
1882
6
0
0
20
2345
27
2
138
1318
4
320
0
169
0
143
257
1945
133
1
2
187
2242
5
0
42
2
4
449
27
904
0
221
3
782
1
87
664
15
101
28
52
3
4
143
63
13
34
5
37
479
41
0
828
0
2
1
35
16
210
79
63
36
13
532
3199
82
6
207
6
281
2
696
413
3
59
33
25
235
86
1
3160
246
0
973
239
0
14
192
78
4
2
18
192
7
97
1136
56
28
1
17
162
826
0
2
1
14
352
3196
216
11
298
4
2147
312
2
317
255
3
7
3199
11
2671
11
1
34
24
457
126
60
122
31
40
103
0
12
553
8
2371
393
194
44
63
601
63
18
3200
92
773
9
3
219
30
13
1222
2687
3
419
1
4
27
14
510
0
252
400
1731
2
0
0
3200
144
2181
1
4
18
1
375
10
7
1
3199
1643
36
316
1
57
219
1
441
166
1
1
0
537
2
64
3027
0
68
0
3200
95
1445
3117
20
1197
93
288
0
0
9
579
1
314
0
20
2
0
58
30
11
27
5
3
109
48
38
3031
6
376
759
536
1110
83
3
0
3
0
1509
3197
33
104
217
99
23
22
665
40
797
472
2160
63
669
14
1
2
458
21
3
1
0
35
211
164
5
2139
0
247
10
222
3200
1
128
376
131
394
5
1081
163
10
113
18
264
94
722
1
263
0
390
0
43
1835
33
9
28
3
8
3
189
0
0
0
0
30
3
11
884
3200
540
108
162
37
0
1410
35
170
74
309
106
3
0
1
1207
4
274
3
1272
374
51
26
3
43
28
577
948
140
19
3
2
478
3200
9
49
8
54
16
1
87
293
211
4
11
1016
1334
3200
0
82
3200
0
1324
3
3200
0
342
48
72
0
60
30
1516
228
65
1319
3
0
109
10
3
0
23
2573
160
24
1830
3055
473
29
909
0
0
9
1921
28
1
9
1092
236
7
129
62
1733
4
9
8
1027
16
305
172
10
1
0
3200
265
3
0
1
10
15
10
511
66
340
0
243
0
68
3
4
804
36
68
13
25
0
21
297
238
2
8
733
16
1183
15
1
0
1
283
30
2
122
43
1
1871
45
2
4
3
12
2
532
1
19
520
8
3200
8
8
61
181
37
709
13
25
53
7
289
0
585
4
143
41
0
322
1396
176
31
11
0
2
6
11
1109
1986
1
13
16
0
16
758
82
318
89
1524
2
2
27
884
1025
3
24
4
194
2
420
1263
89
51
25
0
2
0
61
1
74
10
107
63
5
13
7
12
3
65
5
216
121
22
3023
1
526
364
12
0
44
38
0
13
3200
1969
0
43
22
90
2399
0
2
0
2
3
176
46
1
0
29
4
736
84
1
0
569
30
0
149
6
12
20
0
24
726
217
0
37
1
5
61
1
244
335
8
8
52
5
2026
7
405
31
8
20
285
170
3
7
37
301
48
8
13
116
134
13
106
155
230
6
0
6
177
15
26
3
0
122
3
65
17
238
2
4
2376
51
855
17
62
0
32
40
614
67
10
4
64
11
1
2
0
0
0
290
11
24
47
8
6
4
4
30
5
10
8
15
0
31
1
10
192
3
65
237
13
500
0
94
671
0
45
169
0
1083
39
156
7
49
787
19
19
194
393
0
0
236
53
2
116
326
2
654
0
44
11
1
216
31
1356
1279
11
350
597
210
34
9
13
3
0
110
17
107
67
0
57
3200
678
576
4
776
99
345
24
33
19
3167
416
1
1
18
109
80
1871
0
1942
1
5
3
33
261
3
20
170
6
6
151
208
0
1
8
316
56
63
190
13
11
8
92
1667
2
56
1626
32
1585
0
3
71
0
63
3
88
0
52
1
10
101
90
5
0
18
25
3
87
21
146
1
9
1265
23
3200
575
18
80
2824
2273
47
15
23
543
774
16
62
31
301
5
9
4
47
237
0
341
5
225
510
0
342
1
0
142
0
11
56
894
838
11
77
2867
42
31
0
42
0
3196
110
2
23
260
71
55
217
467
341
256
137
34
263
130
12
2290
7
3
40
1703
374
3
8
410
18
7
2722
79
341
47
6
118
1
7
1
1
24
2
13
0
30
31
961
1
3200
13
15
2
224
197
1745
9
73
9
0
3200
12
329
8
0
801
29
24
23
529
20
11
11
1002
2
2
591
144
34
0
31
0
0
9
444
2
0
0
596
78
2
18
1077
3060
92
111
21
5
2
8
0
2
3198
117
29
157
65
3
19
66
1679
77
38
3
67
3199
0
3
1
3197
94
241
5
2
91
2024
9
56
8
2423
7
24
87
3
79
5
40
144
10
2066
833
0
4
12
3
3
236
1
8
1136
9
2
16
46
212
2
334
132
27
3
28
2
62
12
1
6
1044
0
45
86
0
69
765
1047
38
247
5
5
8
1033
158
6
110
10
3
19
161
36
14
3
3
2
2649
4
988
21
478
2
135
744
5
12
55
13
2725
109
5
110
3200
0
1
4
7
78
890
1
1
546
9
3200
3
0
1576
640
388
1
1055
1841
23
1
0
97
12
4
2818
52
31
0
869
129
391
3200
404
8
48
68
1286
275
128
0
0
25
219
11
4
41
1350
4
554
0
6
3
29
74
707
118
1500
123
3200
29
277
5
0
137
3187
25
123
1
31
42
4
348
0
9
0
12
1
18
0
159
3200
83
15
1
121
18
61
533
23
1
0
1
1206
246
415
55
5
13
2
116
171
2305
1
12
411
26
182
7
256
1
78
1
14
78
280
31
1
267
477
25
35
108
2068
3200
9
10
787
78
1095
192
555
567
1
22
1
2
37
1
222
49
1714
9
393
83
2
170
154
0
43
6
3200
58
1
1
121
15
7
2
7
1
0
1173
22
3200
99
3199
10
9
182
68
27
4
124
0
1
29
2
421
488
1489
107
0
39
15
17
17
34
1
95
35
59
1382
3
27
0
9
3087
160
5
43
0
823
8
255
874
31
0
11
819
0
49
65
0
7
31
6
4
23
3022
38
10
1
14
10
6
11
8
8
1
347
12
14
6
43
7
970
100
16
6
22
38
65
11
0
578
3
2
3196
1
0
3200
56
702
118
33
3200
12
18
167
204
1
49
3200
1304
3200
1
3200
565
18
19
2897
29
792
16
0
117
301
0
0
378
8
177
13
1449
1
0
11
119
0
32
1
1
1
1
272
0
1235
347
13
3200
42
588
17
4
13
3199
544
3
0
1
11
2
605
651
44
0
5
89
3199
594
1444
145
3
46
296
99
1
41
13
0
807
22
1
3200
182
273
131
111
51
531
0
0
17
0
1146
2
31
158
423
37
495
221
2
87
3200
11
500
2988
64
286
0
280
578
87
3200
672
920
505
14
5
0
284
10
540
0
1
3
2
42
132
3
9
18
13
37
80
21
18
15
2
6
2544
62
2053
5
1
2552
70
1
18
8
3051
374
79
3200
4
96
2858
6
148
0
112
5
519
0
785
1
293
30
241
677
40
5
249
359
71
18
214
1
2
7
4
421
137
9
23
1572
24
3200
30
3
158
1
31
22
7
162
119
2
2
1
103
18
6
33
71
45
15
21
1466
4
61
255
95
2952
2192
14
1
211
0
289
2084
0
928
2
67
130
532
61
1238
0
29
334
324
25
184
44
42
448
40
8
931
3
35
201
4
2401
16
11
1
74
3192
1553
1
7
10
361
0
12
93
3200
1
50
328
43
4
70
359
36
1287
46
189
76
0
0
4
573
20
43
4
4
79
0
111
1922
8
1
149
128
10
4
321
1186
444
497
130
136
19
15
0
104
128
3
212
1964
6
11
36
0
546
3199
2
16
4
149
5
8
48
41
30
3
0
0
30
25
1275
43
1
0
61
38
183
54
53
270
0
39
835
47
108
629
5
377
12
0
2422
140
1
56
537
16
3
154
9
3
3
754
220
2334
88
306
1028
18
26
1514
1230
14
590
604
9
25
89
66
8
92
3
1411
12
11
592
342
3200
1
16
24
9
4
3200
9
517
24
3042
1117
64
2004
7
11
0
9
78
3
4
0
12
4
151
226
1
19
858
0
44
154
58
57
1391
107
0
152
482
3200
59
123
4
1
678
80
12
20
139
1758
459
0
35
109
4
3
975
15
1619
87
48
533
3
0
13
48
177
536
24
25
18
294
3200
1880
15
3
965
9
1
36
107
0
5
16
1
306
4
765
43
48
93
3
3
36
4
3
9
2053
1
44
36
259
1
1
25
1
10
250
0
332
2968
6
3
3200
5
3196
1
3166
4
398
267
17
4
99
283
3
5
1
2
300
0
43
2194
5
229
1
2407
256
14
0
42
3
5
1200
20
131
79
1110
3195
571
1125
66
7
379
1708
0
163
37
56
361
1202
3199
4
20
552
17
9
3200
1
11
368
48
3077
30
0
0
0
0
43
4
2566
66
2
53
1
32
872
0
5
563
14
17
389
169
268
15
1
25
6
32
207
229
316
489
25
381
569
6
646
24
0
1
159
101
118
24
276
480
1
2153
3
2989
16
159
159
3200
25
259
3
149
387
0
36
113
208
9
1
56
2
1119
0
22
3200
0
11
265
122
30
24
1067
0
4
0
1
110
1268
6
592
1365
2
3
0
121
0
122
84
82
11
327
36
261
418
3196
380
103
2
8
27
820
1886
127
9
209
0
176
1368
37
2
0
6
900
15
0
10
571
166
4
0
0
3195
516
1567
5
7
750
1690
2561
3
3
355
12
27
16
196
9
22
3
6
4
1
194
48
42
30
4
194
2
2
367
49
0
142
3200
38
2044
64
1
4
126
1062
803
29
1
2
1006
37
5
214
795
0
60
32
73
115
34
4
0
577
3200
4
43
1
400
37
101
114
56
8
8
21
1343
0
5
324
9
144
57
3
2
26
6
420
0
3200
20
593
2
3
294
73
4
236
0
132
175
76
3
0
7
283
0
688
1843
2
92
335
1046
2
3200
182
277
167
21
12
13
12
1
77
44
8
0
0
15
463
1
6
75
2
2
341
532
10
1389
1
91
107
20
1162
20
66
4
2
119
15
4
0
764
89
19
190
14
3200
94
11
190
3196
13
2
947
10
14
371
48
0
411
1243
0
2
16
1
18
284
2967
3192
8
2264
2
22
7
123
323
1
2
192
429
11
63
1
12
1
0
25
2416
9
21
77
4
413
2
0
62
29
3200
1
340
3
3
28
1415
16
65
0
624
171
76
16
361
209
0
22
297
2
40
14
12
1
23
38
6
0
647
35
1
536
20
27
80
3200
1
0
41
13
2680
102
1
7
6
142
13
1391
9
10
1
6
8
100
2
43
628
11
0
0
231
472
1468
28
19
7
160
5
2137
3200
2
24
1150
1715
73
2
581
954
18
0
2344
246
1
1
1
2
4
4
6
3199
14
0
52
43
389
549
314
3
20
97
3
15
850
82
850
350
1
1
639
444
115
94
1
1349
22
2
915
1
3
0
9
32
0
2
218
277
1
0
1075
460
15
281
72
360
33
24
5
1
6
34
3200
24
1
124
3200
0
3
583
3
484
733
4
259
5
0
3200
2
715
15
15
1978
250
321
647
905
39
11
5
13
46
135
4
1
3
3200
481
31
7
6
425
4
129
2
3
41
4
241
2
1
443
2580
16
71
165
145
1331
601
1144
84
8
2
4
0
0
1
4
347
15
0
0
474
20
0
2207
13
341
2
8
1
377
14
2
2350
10
2
1034
0
54
1
3200
128
1
9
325
1
17
2
435
14
2
17
478
2
0
500
0
93
0
117
6
3
2
1
87
146
228
121
1
0
442
279
3200
8
19
0
399
32
874
48
42
4
6
2
156
2
12
47
82
1
667
195
87
20
3
0
5
1
416
173
23
253
8
0
1355
77
48
516
0
6
191
4
11
15
2
279
0
601
22
45
1352
1245
2
785
4
1
105
1
2
87
0
6
193
3199
398
0
256
83
20
1078
159
6
601
39
15
688
66
11
95
223
2308
16
113
279
58
20
4
1
116
0
773
1832
10
10
16
0
3
173
224
1
1
9
4
1492
3
9
3
2
0
1051
3
52
3
20
6
0
14
635
4
1
2
3
5
17
1
32
6
74
57
0
17
19
22
205
86
655
34
2
3
1
3200
53
879
0
477
630
365
40
70
1861
3200
1533
2
0
4
1
224
287
6
1
343
258
2286
2
207
5
31
36
196
3199
2
0
1
149
38
0
5
329
0
9
0
1
16
3200
2236
210
0
19
0
1
5
3
14
678
7
25
64
12
76
2681
51
0
3200
16
1
9
0
1
1
25
8
23
4
0
10
32
58
35
1
16
290
15
4
112
11
9
521
167
2
11
205
1235
912
53
2
132
3
2
20
434
69
1
280
3
1
2
814
7
16
97
0
2
405
16
619
0
29
107
345
45
4
0
47
76
36
19
1896
268
21
239
50
0
67
39
4
12
363
22
179
148
123
274
64
4
406
65
408
177
4
77
3
1
11
3199
341
1
327
651
1397
318
16
3200
27
0
83
3
0
7
0
0
55
132
3200
2706
1165
5
2381
34
14
328
1317
1
1
20
238
38
6
1
34
157
69
0
65
0
13
169
0
0
318
695
1
267
1
0
48
60
23
9
98
23
44
560
5
25
1
77
3200
0
1
93
91
20
64
34
1
697
5
23
1083
27
0
2682
3182
40
1
3200
86
2130
197
95
31
185
0
1
91
246
141
3
15
2282
7
3200
54
354
232
41
41
40
99
6
0
10
1
1928
3
726
0
29
232
8
294
5
11
2
28
141
641
233
42
134
2633
244
191
46
58
27
1
6
8
9
1
148
16
206
255
1
1
1
3098
428
2016
14
156
130
23
0
33
2
839
1091
92
0
192
22
3191
2365
17
0
0
430
153
0
343
10
1839
1701
66
804
48
109
1
366
3200
9
65
2
115
0
6
4
172
0
2
105
0
10
3198
1
71
131
14
191
3
637
6
5
69
101
4
1190
3
3182
241
20
2420
4
237
0
63
5
128
121
564
79
193
6
23
138
68
2600
7
41
179
56
70
25
2571
0
106
10
2682
1
0
432
48
165
3200
2
3
6
846
1058
79
0
388
9
1263
1
98
572
527
55
29
95
10
553
10
3184
3
87
434
1
3200
13
5
40
3197
3
0
18
1
87
255
1
212
21
36
3195
1879
0
479
2975
11
0
5
105
1084
849
595
0
2
2904
53
795
2
20
67
46
506
3
2174
380
14
14
13
192
214
0
157
3200
21
718
3
4
127
0
1071
0
9
1193
57
3200
303
109
1037
1
14
1157
47
7
3026
78
3200
14
9
200
948
945
2582
0
1256
611
174
301
3200
22
98
3192
0
1
0
2
26
1
3
0
898
1135
211
492
8
0
74
0
2
34
9
225
198
148
3200
34
20
3200
6
21
24
2710
1
1
0
1
19
2156
113
1
449
6
398
2
3200
73
3200
10
556
1
2
11
724
8
3199
11
52
10
153
3
57
6
26
1409
0
267
1174
1
22
2395
290
30
114
77
24
4
134
287
50
123
820
195
637
31
33
22
0
248
3
11
453
30
4
0
437
2
125
115
267
128
1
1
42
1756
1
22
77
25
62
10
16
4
3200
10
17
24
2
0
1337
3200
103
2
0
3200
380
0
3200
27
0
1626
0
6
7
32
3200
1517
46
103
63
18
1043
11
2
474
3195
248
1
8
23
248
12
3074
68
56
44
164
220
0
1
28
1
2999
64
17
1
7
3
2
42
3200
2
42
88
95
17
0
65
39
20
10
85
126
81
1510
374
471
258
0
25
3200
11
314
3
1933
957
19
96
12
1
0
3200
166
1121
4
7
1285
49
168
32
185
63
159
50
3200
70
5
1
14
3
33
2
2349
696
1
15
4
90
3200
45
464
25
8
7
181
4
2
160
8
6
0
3193
7
4
235
21
2
4
2
5
6
22
1123
53
22
300
0
3
5
5
6
616
8
4
462
582
1086
315
5
46
387
52
291
168
177
515
1785
43
17
942
226
322
8
155
65
19
66
7
6
17
103
0
3200
33
192
0
456
944
9
3200
897
1
17
63
52
8
17
8
2
23
416
107
8
143
329
11
3200
256
310
0
312
0
4
10
485
21
3200
3
8
5
15
0
1050
378
80
191
37
52
82
950
0
166
3200
1
33
0
51
719
15
21
53
1
236
53
7
13
59
599
18
60
85
0
192
795
16
1
198
2300
2090
6
3200
293
7
1048
4
0
1464
96
7
417
37
3196
6
405
15
8
857
5
1
3182
60
11
765
692
7
0
6
38
5
4
4
79
4
29
1252
71
1
3
233
90
116
195
18
1795
2
391
8
1
245
3
56
3199
87
33
0
0
6
675
1084
101
0
2
11
3
46
0
45
15
154
13
331
48
0
298
7
118
167
12
737
0
2
307
4
142
0
5
55
4
650
49
198
196
80
297
176
147
2
1547
1
37
0
30
3
28
357
1
190
72
2351
22
2
19
30
201
5
385
8
14
267
36
75
3
79
277
20
3199
1
4
28
2275
8
375
59
63
19
1
81
760
0
3200
1
41
166
396
79
1607
4
9
479
55
0
3
41
72
1
655
651
2
16
2495
7
123
4
66
1
1363
10
2677
6
21
39
721
338
1
0
4
2
15
2774
366
3
24
1
1680
0
1728
436
36
1
674
14
216
493
0
2448
2
191
0
2
33
3200
277
286
29
7
403
0
9
84
9
6
249
0
0
174
53
460
11
3193
18
8
2
1
23
0
4
5
1564
7
72
14
2030
0
0
0
514
0
117
82
0
47
574
0
4
572
13
0
7
0
4
378
8
13
12
39
2
0
10
2
352
1
3
50
142
3150
1
302
1081
5
0
3
5
2
3200
6
11
8
1
34
1
286
0
210
8
3
467
216
25
2
1214
0
0
59
5
17
22
0
125
210
2
2019
16
15
1262
17
240
868
54
98
1
11
38
1
721
2
4
125
6
8
288
3
64
708
33
80
3
4
3199
1776
34
6
44
238
1
14
1
1176
236
52
447
87
84
8
360
97
422
1
0
23
1
2731
8
204
900
17
93
1
1
247
246
6
605
25
6
218
580
2102
5
46
25
1
291
320
2
1
3
468
993
2623
122
127
0
286
214
135
12
1258
72
10
2964
0
30
888
447
16
9
12
226
59
81
6
0
2
3
12
2
88
191
0
7
108
24
113
615
1372
14
254
11
1212
134
239
57
310
3
0
15
62
359
1
31
2728
11
4
2703
1
11
0
33
1126
6
17
3
27
2
3
2851
6
198
49
2606
412
3
10
1160
88
120
881
1992
14
25
204
116
3199
0
191
215
6
4
74
1
15
45
801
26
225
20
105
1
7
1144
1
5
21
43
3
6
114
2
0
2
22
12
0
26
64
95
40
7
14
3200
0
3199
218
36
2
6
204
2
1442
0
45
4
2
0
0
9
159
1
1
18
6
33
0
2867
84
233
36
539
6
25
170
1699
34
138
0
67
93
386
474
53
28
79
34
17
19
5
0
17
54
0
53
3
333
38
620
34
2061
7
451
496
1
3079
0
7
3
43
9
4
2
2075
10
165
3200
3169
7
425
270
6
3197
4
189
6
98
2
11
1357
0
20
138
113
16
1
4
0
161
12
2
126
1103
71
18
41
31
873
29
3200
126
5
1
138
948
294
565
10
0
230
146
11
1
6
3200
0
1
10
2973
1061
137
83
1
2
845
46
3199
216
142
13
152
25
5
5
1
223
1
4
37
14
176
2127
939
15
1
2946
113
59
4
13
19
417
1
3200
54
3200
10
53
66
8
0
7
69
113
10
0
52
85
1
31
19
3200
3
0
0
1834
54
0
23
946
441
55
302
2
4
1
588
3
26
0
113
56
1
5
11
2528
391
12
27
23
0
371
15
281
43
3
3
176
448
0
27
157
169
58
2401
103
184
1
16
108
0
1149
435
44
1
0
98
123
4
12
1
168
287
3
23
7
128
66
11
755
181
3200
17
12
1
37
0
513
234
0
2
2190
82
2
469
24
21
2
47
102
244
8
7
100
186
123
2630
197
0
844
19
80
11
1313
4
14
2775
0
920
4
6
3200
205
34
5
7
12
0
2
6
104
0
15
2
148
26
0
2
124
463
11
0
893
14
0
5
0
1
382
5
1429
2
31
201
249
4
528
0
67
1
3200
8
1
142
304
0
38
15
162
6
475
62
985
50
156
1215
55
261
1
12
1
2
33
5
25
3
722
38
108
689
0
1171
4
7
2
63
33
2
2732
1
229
70
3200
18
89
9
17
9
197
2
12
35
1619
24
4
1
274
6
247
0
20
0
6
357
3200
2
3198
20
38
52
363
46
16
0
16
22
137
261
34
133
2
0
280
1
1166
945
1678
454
99
1
2015
12
0
1
0
4
13
1121
95
320
5
347
12
868
0
3
38
29
78
68
99
459
50
47
1024
38
161
4
206
36
22
354
1
2
79
9
59
10
6
217
122
287
2
89
1
1037
451
1
1060
821
1018
10
20
1992
203
2528
61
54
0
6
17
1450
1
16
1036
171
0
252
0
9
103
44
55
3
1
6
1
1
32
0
27
5
25
0
6
618
2
5
11
38
3
23
10
3200
1
0
0
3072
0
0
153
3200
45
219
20
12
898
1
130
12
329
9
3
19
0
2
0
4
222
86
0
1
1105
138
81
1
0
2
3200
15
65
0
966
131
605
91
1067
45
43
3196
23
1
26
2187
80
3
55
216
1
0
1
51
3200
130
3
2
298
50
27
25
520
54
50
180
38
5
0
631
88
41
3
39
125
0
497
314
17
897
30
3200
14
244
2166
1
7
1
1231
352
242
398
142
17
1192
386
70
0
66
135
966
1
302
241
0
29
37
192
24
112
21
1432
32
9
3171
3
46
21
16
0
83
261
1
3
35
2
46
0
4
1986
180
3196
2049
362
73
2
375
6
5
111
298
23
12
13
33
3
9
195
37
4
166
34
0
25
1
0
29
3
101
1
71
106
41
12
829
1888
0
1
1274
179
132
287
2
37
49
571
45
15
0
383
0
138
81
2
34
3199
27
41
81
7
972
77
13
140
166
345
1
23
14
3200
15
42
5
150
945
48
18
55
6
19
1
77
29
1
27
25
0
4
48
326
57
80
4
1728
15
8
12
15
373
3200
222
2
87
0
0
0
0
214
97
1
3196
25
4
0
2
4
1
154
257
81
41
36
0
204
896
0
440
185
0
3156
1106
60
7
12
11
66
696
0
31
2331
364
0
1
1
0
962
53
529
2
325
104
11
691
240
849
14
50
1282
961
437
752
3199
3
1
144
33
16
62
9
833
432
185
19
27
4
0
460
13
60
0
74
30
302
30
32
336
1992
1
1597
37
47
69
7
17
45
16
0
1
329
12
0
14
12
0
37
511
50
0
156
43
24
10
1229
38
317
3190
129
8
248
1100
3200
174
200
24
1066
3
35
0
21
131
28
3
1162
18
2044
3200
19
61
354
18
1103
19
79
79
295
1310
1
77
614
8
772
37
303
18
6
2
8
74
1846
1
5
277
4
323
68
6
51
156
1001
141
11
14
63
11
2
0
0
407
32
402
376
40
47
135
25
0
3146
2
19
805
138
23
81
10
29
66
1
1
2
1313
13
444
132
2
15
1
1749
16
23
1
1046
300
15
1
965
469
1826
43
12
4
105
4
16
870
2
49
11
25
3200
1
673
3200
712
72
712
37
11
538
1
79
0
13
443
6
0
2488
115
42
22
19
53
1
53
1159
24
40
59
1344
290
263
220
39
2
219
104
99
1
21
131
1
3
290
372
742
4
659
0
1
11
3200
1
1
3200
0
58
3
10
62
35
1494
114
13
4
297
885
30
606
297
3200
305
86
427
122
58
656
1
531
3200
76
28
0
38
1
30
751
1
90
3200
487
9
12
100
2188
6
347
14
108
3200
2
311
874
41
55
0
11
10
115
89
0
2
2
3
23
7
29
0
0
743
1
2
36
2
127
13
5
312
0
2
15
1174
2
14
547
385
37
61
1
180
3
10
3
23
14
3200
321
4
143
57
36
10
0
91
0
19
3193
2
44
881
3163
101
0
27
24
62
854
15
36
1717
430
0
382
205
191
0
11
5
79
28
25
0
1
5
25
0
264
93
3200
97
0
177
7
55
425
9
11
1658
111
2881
503
27
3200
6
3198
22
4
32
655
584
1
19
678
3200
25
38
2129
3
79
202
11
62
486
5
2
4
15
3200
0
28
2708
806
7
2329
163
7
811
642
3
1
202
1
1868
524
3
0
38
208
19
0
302
2474
343
20
0
59
54
94
64
18
29
55
10
295
17
514
0
2
270
0
747
60
852
0
6
778
29
155
2
1324
1263
2277
1280
2
299
423
6
14
773
9
154
2
45
37
0
1
1
3166
330
13
6
143
27
16
0
4
3200
0
42
5
251
0
375
2990
500
425
14
1
1211
3194
3
12
16
35
33
25
8
0
1
0
471
16
40
4
0
3200
1
7
0
32
18
66
1617
1017
0
591
66
4
2
1139
13
62
3200
1260
0
3200
173
665
2053
493
8
0
37
7
2
44
0
328
1476
34
16
34
907
3
1
17
854
0
556
0
220
301
83
9
2048
3200
6
46
64
25
31
1
0
346
220
45
31
4
583
624
205
10
5
2
2
29
3
377
1032
16
562
1
17
753
59
16
1914
0
30
584
10
1
21
0
574
6
72
33
21
3200
1260
3
45
14
3099
144
2480
4
250
155
425
519
0
294
920
0
29
73
86
227
601
14
10
337
180
88
10
2
24
39
45
1
1
3
809
26
2
125
545
19
1
52
47
113
1591
8
1
260
360
1
214
40
47
0
10
594
38
175
3196
1
73
1
29
1
1009
34
0
63
10
72
1799
71
3200
13
27
90
322
0
1116
429
70
68
1
1
4
4
30
12
3193
17
18
12
0
277
0
168
6
9
1189
19
19
87
15
11
1
1946
3
2972
2349
5
5
0
4
1
28
408
365
0
174
280
0
2
1478
49
2839
1056
2
0
25
26
67
28
255
3200
1
3114
6
1
1
0
6
82
77
39
17
1
1
0
38
571
34
79
99
3
119
3
22
1
0
100
175
0
317
491
0
15
0
2
3
157
159
792
826
315
3184
820
10
3200
149
532
1323
3200
0
71
0
0
1
26
9
84
0
3
25
4
575
10
1
47
19
13
355
2331
74
4
9
101
147
92
113
2732
57
99
2
12
4
1
366
0
0
1
364
13
4
1
551
5
81
12
385
0
26
3200
34
75
19
1
2189
8
109
3
1
245
370
223
6
1144
1
19
375
2
5
31
1221
74
19
0
342
2
3196
15
3
6
2
958
1
59
44
73
568
1648
703
3144
82
36
0
1856
84
669
291
3200
113
367
2
1
102
8
0
1
50
3
781
985
118
50
7
4
2
229
4
10
3200
2626
26
0
2
207
6
1962
6
2240
372
2324
10
0
2
504
0
564
275
1
39
104
1
67
224
13
2
17
4
0
0
163
51
867
257
2
17
83
0
551
489
26
1
2
32
15
53
6
518
410
2
9
6
127
13
1
707
3
3
188
21
0
42
3200
2
16
3199
65
55
16
109
283
3195
6
34
17
670
1
224
85
1
54
63
9
3110
136
471
0
0
1
66
1500
117
290
85
2
0
365
1829
4
5
27
39
1
6
10
4
39
13
1074
206
21
6
16
1
0
3200
145
289
691
1006
0
84
600
8
96
1212
122
50
3
394
319
31
0
1
18
205
22
3200
0
212
7
192
50
100
0
18
1251
7
6
126
5
7
43
3200
24
1310
27
2
1
0
60
56
0
7
73
0
0
13
111
6
1
92
4
24
0
14
451
31
1553
51
280
53
2
42
235
10
86
2
0
139
57
10
219
2
391
201
119
1
0
207
136
69
4
780
152
1
88
295
1
0
13
0
15
0
33
507
743
856
0
74
201
0
15
1
38
125
0
486
49
185
113
14
19
22
3187
234
21
2
14
1
165
1
34
24
1970
3001
235
0
14
1
1
5
2
21
1
172
201
15
5
1
2
10
1
10
9
4
1
8
20
162
0
12
28
141
597
54
898
469
54
3
22
51
1
0
1002
1086
23
181
7
0
62
11
2
5
3200
0
3
46
3
39
128
1777
1
14
11
4
134
2434
1018
1
2072
263
7
3200
196
5
179
14
10
0
28
1
22
16
0
3
105
0
0
28
173
1
9
54
0
17
78
0
3
0
75
706
12
425
130
77
3
1
797
76
100
3200
917
66
16
33
39
43
23
22
1
244
0
55
18
838
14
83
541
228
1
54
13
69
17
1
11
7
372
90
12
32
19
1
32
20
5
3200
1458
0
1
3200
3200
67
204
172
1443
707
9
79
10
1
0
460
60
135
7
11
6
29
873
1
117
4
3
2137
423
0
3
39
14
4
3200
892
108
237
20
0
330
0
20
14
71
3
0
120
17
95
31
1
18
4
2
2
17
225
1
7
15
10
99
32
0
7
0
1
7
7
1309
2114
0
188
31
301
283
87
3179
43
0
3137
3198
12
17
2
11
0
676
7
54
60
1369
0
8
1
55
21
240
0
7
54
19
401
361
60
18
5
5
1
2393
15
1053
13
16
59
427
314
17
20
3200
3200
292
0
1146
98
6
0
41
24
26
1
2198
56
3
6
2
3200
20
278
1
57
1
2
75
28
115
3
12
10
1432
498
1
28
855
1
942
260
2
0
6
3199
847
38
32
387
2674
5
224
85
1983
0
54
267
31
0
2
0
1011
0
3200
1527
71
29
9
8
401
151
19
2554
1
855
50
515
42
3200
1
4
313
275
80
18
7
15
127
257
28
1
12
51
1
0
0
22
0
16
93
377
18
93
63
0
0
10
83
0
1715
8
11
2
172
19
1
3199
62
24
20
62
15
56
10
1
6
54
21
45
28
2
466
22
475
704
691
19
14
0
2
37
49
1680
150
3198
1
1
2
51
158
57
11
88
669
1
2
899
1
15
31
3
3
16
9
65
5
6
1
20
36
0
0
3
22
134
71
1
195
103
24
0
1
3200
11
79
2246
3199
0
6
12
1
72
254
1608
52
1093
1
29
1
5
7
7
0
194
1
105
63
12
0
3
2
478
0
170
51
666
1178
2
46
110
155
841
534
23
0
67
5
0
2072
12
14
0
23
259
27
4
140
0
0
596
0
2144
967
696
54
0
161
12
513
0
28
1339
3
2
68
6
529
837
27
7
2495
6
5
1159
0
3200
0
2
9
3
77
1
4
3
3200
0
8
224
208
900
450
12
163
334
2
11
488
6
2
9
220
2619
5
621
12
5
5
2
0
18
1025
2
561
97
51
22
0
1
1471
757
245
0
151
0
1
46
153
1
0
2
247
1294
293
1420
284
4
604
2
2
45
655
3200
60
8
600
1
0
557
886
99
543
1164
0
1433
0
0
20
102
342
505
8
0
144
0
63
18
80
0
4
48
3200
146
6
23
1177
83
5
173
7
19
4
13
68
3
20
12
113
173
64
16
2
50
184
180
107
183
607
19
39
2153
6
6
19
896
4
284
21
8
113
2
6
326
65
97
3196
1
689
332
4
913
2
624
0
3
1
171
3
18
891
124
13
2
135
107
8
613
1391
2919
1724
833
31
53
1
2423
14
507
2358
3
419
58
2
166
2452
3200
12
209
5
429
3200
0
7
12
1
1
310
33
71
1
150
39
48
51
1
0
2
33
1
12
53
7
91
1
600
0
0
1
7
180
0
273
15
1
106
83
37
5
14
1
17
13
0
23
0
119
4
20
46
4
628
101
400
338
541
2
18
221
111
356
312
0
4
15
56
1
1821
115
8
0
241
19
169
15
0
3120
10
4
1
151
40
211
14
0
7
2
48
4
20
0
23
11
3
3
2
2
2
136
19
0
7
12
0
1614
3200
15
163
1
6
358
8
3199
482
185
368
0
96
1002
23
22
60
0
79
8
485
105
10
3
54
1
9
586
0
27
465
44
1525
1
298
92
1729
10
157
0
248
45
1144
0
1
264
1693
129
44
0
3200
11
3
14
16
52
25
221
660
48
50
21
20
1072
797
52
155
980
34
1588
3200
1142
121
41
34
10
1763
2
291
1
3074
168
318
12
3199
648
40
1230
0
49
0
173
1
340
862
2
9
483
5
60
1092
0
3200
3
1032
14
537
28
0
13
159
0
1
0
3
108
55
15
2
3
61
2791
552
161
205
0
1
422
34
22
11
29
17
302
4
850
470
393
641
1
1
0
0
120
24
1145
594
23
41
29
17
19
335
2842
34
0
1266
2846
560
738
324
358
34
362
2
3200
133
3197
21
0
1641
2
0
179
0
30
22
0
760
74
22
1
37
7
316
3200
12
57
24
0
12
1696
1
0
99
1423
34
8
10
29
1
18
1
23
0
12
31
191
760
0
224
326
9
3200
3200
0
1
0
37
317
85
19
429
91
110
28
11
1953
60
17
1
1
102
41
16
47
901
203
3200
96
6
416
40
2041
4
476
2
150
4
0
4
15
2
1
6
1
3
86
1
641
158
343
94
39
2
2452
11
264
65
93
23
4
194
12
10
595
6
20
0
225
903
827
6
2681
0
3
1010
73
0
2
2197
701
2
3
0
15
31
0
22
0
1
1010
584
0
4
2478
6
13
277
306
6
37
43
432
15
128
0
5
400
1383
355
89
0
308
1
1420
15
21
28
1273
224
21
22
51
332
12
2
19
28
1800
21
3
17
1
1013
17
667
4
649
24
7
4
46
140
291
6
21
2
34
115
404
1647
1
7
14
59
15
20
318
561
66
459
69
62
31
61
29
0
972
23
12
376
391
409
20
31
1569
280
64
1
13
634
20
0
76
0
44
11
46
7
1
3199
10
2051
161
0
230
7
27
56
1341
703
3200
3
0
10
3200
550
219
1
643
7
11
21
201
2
60
23
0
13
1504
5
3200
43
13
3
107
85
60
33
395
0
123
55
3200
13
200
0
551
13
4
1259
646
400
309
370
4
3199
4
64
3199
2
4
0
15
8
7
1024
15
277
59
16
689
86
30
2
9
2
10
9
845
7
1034
268
3
10
7
3
0
534
222
3
3
4
0
542
8
346
555
5
36
122
2289
3
104
31
32
117
2
2422
0
153
52
0
18
3068
3032
3050
12
2
74
1
1288
2901
6
0
5
10
7
751
3
38
472
0
0
0
2
125
46
31
3200
7
74
131
21
93
348
3200
7
825
10
155
66
120
159
3200
2261
99
3200
17
25
10
10
3
189
11
1
9
14
34
12
97
1
296
45
1144
35
0
19
2
1
116
1121
12
3199
9
58
7
1
0
3200
26
21
0
13
543
249
8
3198
2
1479
0
14
1
9
1
307
173
88
10
194
0
0
1481
3198
40
1
59
6
2565
42
2
16
5
120
11
1
359
952
137
980
1
19
350
3199
304
8
460
344
3
521
745
1
2732
150
0
0
0
45
1
3200
19
167
686
2202
7
3200
82
29
14
3
63
0
67
1
13
25
1
49
65
11
227
130
0
2
1
1958
27
197
3178
39
15
3200
19
1962
175
24
8
17
136
2
3
20
15
165
4
64
1
0
26
69
272
0
1
3
345
10
291
218
0
318
22
3200
32
9
38
526
9
314
432
1
14
6
42
204
1425
19
9
0
0
464
579
1799
376
1
1690
112
49
25
7
3200
4
64
13
21
103
2453
773
2589
323
1493
98
98
353
6
481
0
42
0
44
2897
90
0
0
4
694
1356
0
6
2279
2
1960
56
2
0
44
10
30
112
810
0
78
0
7
147
119
8
16
781
92
0
119
61
23
23
39
9
1261
272
12
3160
0
107
1
12
87
21
756
42
13
12
221
61
2
64
148
0
1
3
786
2
87
253
113
101
62
9
0
820
136
222
296
149
34
1
711
12
211
1409
93
30
15
6
21
1
2131
2344
1
95
13
1140
229
1
696
2
16
109
246
159
0
168
5
6
1
426
342
1
72
3
8
14
18
10
15
101
3199
114
34
0
30
1
5
10
474
64
51
1
11
24
14
0
3
246
113
9
878
172
5
1125
178
13
0
10
16
3199
2
3
2
900
786
3
0
121
12
21
1
107
4
146
2
35
41
334
72
0
0
997
951
16
311
3190
0
8
3189
138
82
783
0
116
10
44
4
3199
0
131
1
4
0
30
7
170
8
0
1
3
5
90
4
30
2
23
0
10
20
403
264
129
427
41
377
619
8
1
1
1
271
88
3
250
12
56
252
47
3
907
64
521
883
67
1
0
70
32
1
3
28
776
34
573
3200
90
2623
213
20
422
1
5
0
67
3
84
0
2
77
1139
17
26
1
4
128
232
2
3200
0
104
217
1588
453
27
12
0
49
1031
0
12
0
309
29
1123
2
97
92
924
857
26
5
34
0
1
664
4
35
2514
4
8
25
90
30
9
1
167
671
1374
59
64
9
2
215
127
57
2
19
0
1745
16
47
332
44
113
99
37
102
183
853
111
1999
302
311
0
520
3197
8
6
18
5
54
33
937
34
6
4
555
104
1816
2214
1773
0
3200
4
2
629
10
137
0
1
94
18
309
202
2
466
44
1062
3185
777
1449
1
0
1
18
4
165
16
0
18
2
98
447
4
1
9
3
360
0
400
149
9
2
9
156
76
49
14
241
341
86
2
7
287
577
58
19
34
0
6
7
107
8
2
32
85
295
12
1367
0
90
32
2
8
8
34
151
4
619
0
3197
17
2237
4
310
191
52
1923
3200
4
18
286
3200
62
1
241
2
14
71
0
84
198
0
2
0
3200
6
373
168
178
1026
3
44
687
0
37
22
1
154
276
3200
244
93
1552
190
47
36
65
89
702
1
694
1
157
130
44
0
72
549
34
81
92
36
67
246
2600
5
22
74
10
0
8
0
94
130
25
5
11
100
381
245
1
3
249
44
1153
179
13
535
10
4
85
5
0
394
0
1
0
697
381
13
192
33
1421
15
56
4
1
35
39
2253
82
4
0
30
0
2
0
6
689
75
17
16
3200
24
6
0
20
327
2464
5
0
399
89
639
10
2
33
54
6
59
2954
5
7
0
514
34
0
683
5
15
4
46
2057
214
14
178
9
34
0
264
245
80
45
284
3
0
0
27
340
105
857
140
4
1
76
10
25
1
91
1374
4
421
11
96
19
40
2
33
6
0
295
12
0
324
3
127
2
0
38
21
124
976
58
3200
0
45
15
1978
518
1
115
940
145
199
0
3
31
14
242
48
116
7
36
42
201
135
61
39
12
0
2
25
13
100
15
1
30
8
3199
17
4
868
77
304
998
6
1
6
2
527
167
3
0
359
11
5
0
1
851
13
0
0
76
25
3171
249
22
3200
172
1221
2
9
13
0
11
1338
84
4
214
36
2239
432
2429
3
13
69
30
81
0
103
3200
0
61
137
17
2
12
34
2
88
2088
381
1
558
28
148
26
241
0
4
2
23
28
11
3191
3199
2
38
1555
128
173
67
64
29
11
0
269
81
29
3
2
1
0
166
9
185
272
0
362
329
7
1
22
8
1
7
27
289
20
24
1
8
100
960
265
71
0
135
0
2353
1
12
1
85
105
7
9
1
205
342
0
5
988
312
0
210
387
395
72
69
35
4
6
153
873
37
0
0
0
435
845
20
322
304
0
44
92
0
14
4
625
250
6
641
8
6
756
1629
50
43
0
25
1
3
30
214
4
660
71
46
2
6
12
0
49
3200
4
11
6
105
1
34
2
24
181
9
53
3
1960
6
701
45
183
11
0
365
207
18
15
6
3
3
1657
4
3200
95
140
4
7
475
4
80
0
1
41
15
2225
3
2
2868
3200
11
3
206
484
1
0
403
0
509
3200
4
3
202
24
1033
242
6
13
120
62
48
3
65
366
9
406
4
3
2264
266
71
9
7
60
437
270
1
2
52
36
31
80
267
58
467
3
7
401
2
0
17
20
0
153
0
799
0
99
153
261
7
288
0
3
0
213
18
469
2
4
33
12
14
43
134
27
6
38
0
1
1
9
6
3200
30
30
15
13
3175
3
910
76
1732
10
189
64
457
55
360
7
0
54
1
3
3200
0
3
4
1719
122
3200
2720
68
228
25
1175
1774
7
153
3
22
97
11
87
142
1
16
18
31
440
50
0
32
290
10
38
47
1165
192
180
283
5
104
6
17
1
1125
3
13
3200
1632
1902
43
534
5
6
3
1
8
1606
2
152
4
8
22
14
17
1
0
522
0
2
79
0
20
987
74
2
194
7
13
0
0
10
0
5
3
3
67
0
7
70
39
23
3158
57
89
3
67
1
86
0
1
99
33
2
173
11
44
578
12
0
90
304
492
2
534
265
0
0
2247
2
1139
453
30
0
638
0
0
3200
3200
14
123
60
19
23
61
14
298
3200
182
282
42
71
1
2
1657
2
194
170
125
1
36
67
65
3192
102
5
108
18
4
41
3
1626
0
7
518
11
726
94
3199
1
82
18
79
699
280
2
633
18
18
1
4
4
27
14
1954
8
47
27
110
3
369
282
365
971
4
270
717
0
0
1
0
175
489
0
60
1091
623
16
4
89
2
1
33
52
1
0
7
8
47
2
0
209
16
1
63
3200
6
7
773
2614
72
28
246
1
5
1012
37
74
28
187
13
7
94
24
0
6
2
1
400
26
33
550
4
26
0
0
102
35
76
939
1146
19
3
16
20
405
145
17
3200
8
0
24
6
137
1
4
19
292
550
45
1018
6
0
33
218
36
2
1
430
1
258
997
0
22
247
0
61
89
169
278
11
20
5
36
12
2740
85
602
4
2
1615
155
44
57
0
0
765
1043
1797
11
0
870
3084
154
414
1540
17
2
647
1
3
2
1674
7
262
1
3195
50
5
95
56
12
181
178
293
0
3200
1851
1
0
1
11
162
70
107
2188
1647
11
84
597
70
1157
576
10
26
883
54
3
48
0
2
3200
543
20
35
28
0
4
1
1367
1
101
97
3
1
3
34
72
19
2981
0
0
0
15
0
2
3
65
133
1143
46
3198
3
482
1
3200
30
26
22
224
22
0
3
4
666
172
47
1522
2188
1161
0
92
9
15
8
10
0
15
958
6
138
27
6
6
1
0
358
939
0
3
3
44
4
149
5
47
11
190
65
1
15
147
0
28
66
73
60
190
588
0
1
19
530
770
2
2972
54
5
73
159
3
0
89
0
321
1639
2
3
9
11
0
16
0
308
2
0
1
56
2
1
52
109
19
632
215
0
76
272
0
404
11
3198
81
0
178
97
128
845
0
157
3200
75
1
7
17
96
3200
0
0
4
9
12
0
309
23
54
161
18
594
0
84
256
4
0
15
6
228
0
703
49
3038
1
12
59
0
3194
626
3
40
394
250
1
0
62
2285
1
2455
740
7
76
342
227
18
509
55
29
11
58
697
0
58
20
8
12
6
60
73
29
1881
1
316
68
3
14
31
635
6
2
8
157
12
25
414
51
37
6
701
2514
26
0
104
782
209
1
4
342
1139
3198
1018
223
539
1
130
0
0
133
11
207
0
7
3
132
0
50
81
50
407
9
40
0
120
206
13
19
1121
573
1
25
135
949
243
24
3
281
3200
1324
20
341
83
281
8
3
173
27
302
48
0
3037
1435
6
10
1
51
782
53
7
7
222
3
8
12
35
87
5
1640
43
0
0
8
5
4
1223
0
1
14
7
241
26
2
338
21
44
224
1
0
2
3
624
0
2
0
0
15
0
8
1232
2
264
7
699
273
57
108
32
1
45
0
18
8
21
11
16
7
44
8
1
0
1156
0
602
1610
1
192
18
2
212
325
5
579
0
13
0
0
169
409
1
6
1
564
8
395
24
12
3
3
33
6
146
11
20
5
347
15
44
1
0
139
37
437
18
256
597
73
173
2
3
2
112
498
882
612
15
30
3197
0
307
38
7
16
518
944
1061
136
121
7
2054
191
56
1632
518
204
9
9
5
364
0
13
166
11
9
1
1
11
4
395
237
337
62
297
9
21
6
11
11
39
23
0
3
168
1
337
79
8
23
1
0
284
0
284
26
113
12
29
2
694
31
154
522
435
160
9
274
126
6
843
46
0
0
125
41
6
1375
106
78
3200
16
174
78
4
412
23
3
12
464
2
120
6
13
71
3197
28
28
237
33
68
2
708
136
330
2
2
11
1
174
31
393
1178
11
3198
660
13
225
339
1075
3199
542
103
23
8
17
38
12
1795
19
345
23
260
2
213
1
450
58
0
18
352
3
271
418
1117
23
1270
17
8
30
3194
1245
4
1332
0
3
0
0
1
4
23
0
1
3199
181
26
264
107
2
2120
10
254
20
56
44
21
40
0
13
320
0
2
0
0
320
1225
1
960
205
11
87
77
27
0
10
444
6
55
21
23
60
633
1
116
2124
2544
53
1
94
2
3
4
3199
33
9
3122
1
12
3
463
302
5
19
245
970
13
27
23
174
2
11
2
8
48
15
9
2525
439
326
3
1192
0
4
7
2
2
2
24
1
62
9
67
14
1613
2
128
70
1
9
118
3
132
18
17
13
976
393
0
0
2
6
68
15
43
48
14
518
93
21
12
1
101
2434
1719
2
87
42
67
6
1
10
13
0
2008
19
0
2
163
77
357
61
20
191
16
9
204
1936
25
8
0
1
64
121
84
5
4
345
616
67
10
0
12
4
21
112
1
1056
79
636
328
26
91
344
54
44
11
11
3
3200
913
3200
2332
311
20
284
2763
2718
2
2008
438
389
0
819
4
7
51
13
3198
1
104
3
82
279
0
578
14
605
0
557
35
13
60
12
2
90
117
2935
29
15
204
462
19
4
126
172
197
6
1215
12
15
1143
21
0
1152
165
41
0
13
89
248
1714
4
232
5
1
3199
50
70
4
353
759
3
0
690
523
26
5
1
4
29
231
51
385
43
2
64
171
74
0
118
69
370
8
0
108
262
0
6
155
15
22
5
23
0
6
13
518
8
5
0
0
32
126
0
12
160
14
19
1
3200
0
79
20
61
104
6
8
3200
140
1
8
1
1400
1
20
0
4
0
931
5
20
0
1
0
28
987
15
0
41
23
8
282
2753
54
348
61
21
0
262
6
0
2
3200
980
5
6
8
23
60
3200
153
3200
90
120
1
7
4
5
19
9
2
2
1
17
0
2
1
206
265
594
2
27
281
59
26
10
25
3200
3196
294
19
4
385
62
12
4
25
3195
923
79
2593
37
4
22
189
51
0
16
2
3
7
134
1
4
178
123
12
1769
6
769
3
12
194
3
0
0
209
638
6
1434
1
28
1
1
42
3
35
5
664
1
0
159
0
486
220
42
168
0
122
58
2
1
13
1
19
2677
2
2
0
2
2
2252
915
0
163
0
1324
147
16
3200
382
1
32
286
295
41
909
10
2
523
3
1
962
1
8
88
8
264
24
100
0
0
1
980
469
6
2
6
5
1
105
1
148
0
0
69
295
0
300
8
111
38
520
44
28
1
93
0
1595
23
10
133
17
109
5
122
0
22
1
16
2
630
108
17
2
3
270
18
0
266
55
435
505
649
4
0
6
21
0
2861
92
31
60
23
71
3
0
9
0
3194
19
0
49
5
9
1
477
185
0
3
870
708
2352
193
31
19
0
691
2
20
1478
26
43
10
87
16
189
22
3200
9
0
10
6
3
3200
1
2
76
3192
105
21
343
77
3200
6
7
12
1
176
22
0
1196
0
365
24
98
3
2224
5
3200
45
0
4
271
67
3
113
616
262
94
14
8
0
13
357
0
668
4
6
39
374
48
31
51
0
36
5
151
236
2438
61
180
198
44
0
5
52
1
1
76
647
8
29
1
179
43
1131
56
4
414
329
34
803
38
0
1
2
14
3
33
211
256
38
134
3197
0
230
2
0
14
593
3
197
3200
3182
1695
4
3
154
46
209
16
9
752
550
45
145
9
1637
707
3
33
815
0
1042
1
12
57
30
0
2045
41
200
8
2
21
117
533
43
907
36
61
1
347
78
0
2
84
50
95
2
3200
50
76
53
2317
1
30
0
39
6
3
23
7
128
10
0
7
26
34
6
3198
165
12
42
63
78
1
1820
48
1
1
3
131
112
17
0
18
1227
3200
17
3200
11
216
106
42
4
53
0
3
1
393
3196
0
34
1
1093
28
390
0
191
52
51
6
217
30
2
3198
82
74
50
21
3
2
1
2751
440
18
156
942
74
40
1158
3200
0
43
16
232
0
283
23
647
43
201
9
5
758
0
5
680
115
1
21
1
2
143
1
20
120
493
8
560
237
9
2
10
198
52
317
32
192
1
33
389
4
242
0
0
982
288
10
222
36
1
0
43
1
153
1
329
6
0
27
13
354
6
324
0
2
4
5
99
1
567
9
32
1
32
3
0
5
1
6
2
0
13
12
10
1
0
161
0
24
2
3200
57
471
52
987
5
65
17
110
101
1
1
4
185
301
127
1
433
2690
14
1627
70
34
38
27
2299
1223
16
80
47
107
3
768
7
181
50
6
94
35
259
60
0
5
7
16
505
9
86
2
0
320
1025
21
9
761
2
5
3198
1958
0
5
304
2
0
144
1879
3
1814
16
457
1
0
7
216
269
3
157
137
1490
34
160
119
142
808
41
3200
1192
1
17
6
204
2
29
40
1818
355
405
6
42
344
0
23
3200
2
13
0
3200
0
11
128
4
46
0
9
2665
11
118
164
66
1
0
31
259
92
227
8
127
392
621
12
5
1
6
885
21
21
19
3
611
321
55
3
20
865
1
1
0
2
0
14
7
1496
8
1277
2
0
44
5
610
1
64
0
48
0
1
597
24
74
54
3
13
8
0
0
15
52
4
1
78
209
22
1472
28
177
0
8
22
118
94
4
13
11
1576
0
16
19
15
389
19
0
31
191
310
5
2171
7
0
1
194
11
1
1220
3
94
0
1
0
0
1
161
131
74
884
93
38
64
44
3
35
3
0
58
0
3
0
60
42
11
1386
398
130
8
0
3025
0
1
701
47
36
1483
9
3200
0
110
414
0
11
728
654
29
56
153
11
203
9
71
45
0
625
0
0
68
1
2108
11
23
1
202
2261
1
16
93
1
0
1624
105
15
218
2
512
358
0
4
17
10
0
1597
39
75
5
18
1
942
2
9
127
1389
3200
3200
3200
0
189
306
393
26
11
0
1
470
75
4
77
0
47
1
4
0
11
21
10
18
33
5
0
1
2
101
9
23
3200
832
124
1057
173
1
16
3200
19
260
15
0
37
259
34
3199
1
0
208
0
25
5
7
3
2576
269
4
41
43
9
1267
1675
6
124
283
6
708
0
2
157
181
903
25
840
3200
0
1
733
13
20
4
64
52
490
1090
104
21
0
8
9
2
3193
0
2254
1889
13
3198
92
11
4
192
39
4
16
184
0
4
1
56
60
52
0
8
224
1880
1
1
4
128
1
201
2974
114
34
7
2864
2
3200
375
0
16
1137
0
6
15
0
1
341
715
387
26
19
56
1
722
127
91
95
2
1696
346
2799
17
1104
0
948
248
3
2
2
386
1
29
11
53
313
8
19
70
74
3200
1
2
34
366
367
10
5
324
20
89
1365
0
207
42
40
580
229
7
238
108
35
13
32
36
3200
364
1558
64
81
1249
261
107
19
3
190
117
1417
1
305
13
3200
43
18
448
19
3
0
53
552
610
80
8
307
1
48
421
803
6
3
18
8
38
47
61
1
17
43
1
21
629
44
2
1
3
1431
12
35
347
695
112
863
607
3200
3198
3200
3200
41
147
1
11
970
152
35
716
94
8
153
1
68
84
0
7
0
98
13
609
1053
5
1
12
241
3200
3200
17
28
2789
6
0
90
3200
2
0
1
5
1
20
1719
54
22
9
709
2
2
62
43
1462
33
38
2440
86
51
41
77
167
492
6
1766
7
0
136
57
19
7
42
90
0
1536
0
3200
801
342
44
21
205
362
17
5
5
2207
25
49
0
35
8
51
43
1642
1
1
162
23
103
887
1
2
892
376
0
47
15
6
46
575
0
13
1702
209
2086
45
1679
3
0
2840
733
223
331
230
68
480
216
14
2
0
3
13
3
3196
1
11
8
6
12
4
0
240
1
8
1
1580
1014
136
55
3200
323
2005
0
0
62
385
146
9
979
9
20
282
0
5
7
31
728
149
131
46
1358
2
15
3
3200
6
1
22
0
216
16
3
1
6
2
137
0
17
1
3200
309
18
0
158
350
3
3200
822
233
80
354
3
0
146
25
2870
0
34
91
409
77
29
421
4
2
2077
185
7
2045
6
3
2
3041
2
32
14
168
131
146
2
19
38
10
1
874
3
0
43
162
94
9
2
1544
113
208
107
1924
0
62
61
42
336
375
54
1
10
1037
1085
6
22
9
0
6
0
385
174
26
13
3
7
17
219
136
0
6
1
0
8
350
2
3200
3200
33
2993
36
23
4
2
3150
131
73
1
5
14
8
155
1712
2
491
50
3
194
15
27
0
34
34
5
361
5
417
365
1496
123
33
632
6
51
9
870
872
20
400
38
8
24
16
0
83
26
3
73
35
1
63
11
13
1
48
1225
6
38
3159
243
129
3200
1
10
15
477
149
4
33
334
13
154
411
171
10
39
852
1
303
1
2
12
383
0
150
174
134
0
58
1229
47
15
653
1
3
170
580
0
0
2814
114
73
0
7
78
3196
248
81
0
46
20
1716
3200
1262
15
34
89
208
1025
104
10
36
160
2
0
2411
347
1068
1017
4
74
103
29
4
80
162
3
23
111
57
0
4
4
1
24
2
0
183
7
81
1566
1921
696
0
8
41
2305
3
95
14
12
144
54
12
165
12
504
13
80
8
170
48
141
3183
32
178
7
239
3
1
8
401
1679
27
107
2
51
49
3200
10
36
165
55
2
18
173
1
129
836
95
1329
350
188
5
0
12
499
72
1725
0
625
445
144
2
21
78
170
12
3
1
9
3200
17
292
835
46
97
3068
28
11
1515
401
0
64
2
64
27
3200
10
0
449
14
431
1
31
33
0
174
1960
86
0
92
5
1638
35
162
3
6
298
12
15
0
18
2138
219
2
23
4
1
52
11
0
13
11
198
71
33
2437
4
17
0
118
179
28
121
1120
39
18
39
3200
458
0
19
31
34
49
4
281
42
2
1
56
0
30
81
66
184
0
473
3
3
44
2862
686
7
6
2
3200
36
106
326
3198
0
12
0
3200
156
1037
1
5
1091
0
3200
37
7
2
2
1
5
51
1067
31
11
2
1547
1
17
2886
1286
1475
1
8
13
3198
1076
26
24
46
3200
228
59
4
6
585
163
12
67
3197
12
526
0
50
104
9
1
0
0
0
2
63
1763
10
240
5
21
238
2
14
50
2
2
5
904
0
4
0
3
0
2043
8
1116
18
1
3
59
749
2598
19
14
75
5
0
3
8
1
13
2
0
0
5
1
2
46
539
8
5
35
163
2187
561
4
165
4
194
210
182
35
1
0
537
2123
547
4
19
6
635
1
2
8
1212
3200
5
678
85
50
107
0
3200
52
1
0
71
29
222
50
1
225
63
31
16
884
577
50
1
435
872
9
27
0
9
3
31
11
117
4
183
4
2
27
126
0
72
5
0
3
0
410
41
19
50
0
113
12
151
6
33
34
96
44
409
218
508
34
0
922
25
14
11
1
4
3118
60
714
2
3200
1
31
8
50
253
1
1
15
99
262
0
14
207
2
7
41
3
7
0
55
90
0
25
616
721
170
5
0
31
12
0
694
3
12
423
549
254
9
930
2
658
7
0
59
352
8
262
48
1538
0
2
4
45
106
1
129
31
22
1
36
82
1
5
459
1684
116
3
418
3199
329
14
0
108
4
22
25
129
0
5
75
2
35
43
3198
2
751
0
112
16
793
0
1
7
5
359
1320
0
771
246
37
116
1
0
103
109
58
0
0
168
2
512
40
35
987
7
0
3192
79
525
3177
0
46
307
198
3
3
232
95
3
10
3
22
1
14
0
3
26
1032
1
1
843
477
36
0
2
123
934
102
1090
0
6
5
8
164
32
571
13
70
8
15
237
49
8
0
4
523
0
28
202
96
223
1387
785
0
41
21
0
24
0
24
0
3047
8
3
1010
4
3
54
1
101
50
1159
1
23
220
215
19
8
1
0
47
2425
84
1
1801
35
57
5
7
831
170
239
332
4
3200
2
32
3
2255
18
69
4
188
6
272
1
6
0
1
1583
83
12
3
141
72
20
27
0
73
9
6
0
1674
10
6
8
1698
32
2
1216
24
280
528
84
126
3199
42
9
1133
2796
0
3186
15
144
652
1237
106
0
86
50
1
151
173
12
47
3
8
0
26
31
123
1953
222
7
1
6
123
0
191
13
1
2
1629
3
13
21
1
843
543
5
13
3200
3
0
2
164
3199
3200
0
3200
44
171
0
1794
0
11
19
3
0
5
0
2
3
113
1
1
29
4
25
9
246
118
3
0
1
1
3200
0
501
15
1
337
403
1
0
63
276
1
80
111
16
240
1
15
34
3
3
310
3
77
3
18
616
25
1
12
170
16
95
31
590
688
417
89
1
27
35
0
640
22
1
3200
0
0
104
825
222
1043
827
1
0
10
351
45
25
53
106
30
16
206
49
3200
17
2
3200
21
6
3198
123
9
6
16
138
268
4
1083
3
0
0
18
0
0
185
3200
70
35
21
2
128
40
179
25
646
3
98
1
10
18
0
827
127
74
0
1990
3198
13
5
36
67
117
0
17
0
4
1
2
3200
6
134
2300
784
0
7
3
4
3
56
471
20
77
256
5
89
68
0
21
268
27
587
1
24
38
1
63
7
0
6
6
217
26
299
515
116
3100
18
0
6
3192
5
3200
1378
0
3195
67
94
17
0
0
639
256
702
0
32
33
103
31
25
3200
67
39
48
3200
16
13
405
0
933
321
3200
737
186
0
3
0
3
0
28
37
428
16
0
604
326
3
55
226
3200
3
1
5
3199
66
1
3200
49
3
283
2074
88
999
1
0
15
722
652
10
3200
332
9
12
213
258
0
0
1176
84
4
34
3200
94
0
124
14
8
21
18
1165
85
3
1957
0
1
3198
22
0
246
19
31
1
48
0
6
101
718
154
184
6
91
35
1643
12
812
6
407
66
1282
40
79
1
2
1145
3
22
2
2
403
10
0
135
78
18
0
1395
0
0
71
10
3
1839
117
7
1
96
186
72
0
413
1
7
510
73
5
72
8
88
506
3199
3
24
566
4
17
88
0
131
3188
5
4
4
442
5
3200
0
34
3
101
12
0
79
6
0
211
815
3200
2
1146
410
369
12
7
0
24
2
2
0
62
54
47
1764
79
7
142
722
4
6
4
79
5
5
15
8
349
489
184
2
8
848
14
1669
1
3199
0
1
7
44
10
4
22
4
1
278
2
18
3200
7
71
1217
0
10
0
1152
21
167
717
117
282
411
81
3
1
1062
54
10
49
329
81
16
1327
265
9
2
139
3
26
3
18
60
3200
260
61
8
28
3191
25
0
6
61
68
1211
2
5
5
2
3
397
6
0
3200
0
284
35
343
22
12
26
9
219
1102
8
0
0
26
0
24
217
1
5
1
228
262
0
3200
0
213
151
25
1
11
345
383
20
3
47
142
5
38
1289
180
11
1
42
0
1
350
197
5
100
71
5
3195
1
34
35
2
21
117
6
1
8
4
255
40
339
0
441
12
8
66
24
72
21
13
0
1363
106
101
419
13
8
668
80
144
79
253
250
34
1
48
0
624
240
3
856
2
41
1
1
7
30
1
9
2
2283
209
396
20
11
338
6
1322
65
1044
26
8
3200
6
3200
345
62
21
514
1863
188
62
9
786
0
38
86
399
311
0
52
158
263
9
96
13
7
42
29
55
32
0
56
1
8
0
8
27
4
111
3199
149
0
1
6
718
0
3033
1
9
229
215
14
1
538
27
21
91
195
236
3200
14
16
1
18
81
252
27
181
3200
10
3
4
6
0
255
1
36
224
93
105
3
0
40
2
1
264
1
34
76
294
1041
10
280
1447
9
200
471
243
0
1
1304
96
7
58
9
0
1953
38
5
0
42
745
24
1365
1
37
187
43
776
435
3200
5
154
19
3
2
53
3199
44
160
20
83
1053
14
187
6
0
39
15
2
2407
1
3200
2
1
1
114
1271
196
82
720
3196
195
29
29
0
0
4
58
4
17
1
696
1
229
71
53
47
3
4
213
704
0
577
151
643
534
7
354
1301
1
2171
2
113
3
1
0
50
58
56
5
658
8
3200
0
15
1190
5
3200
0
1
10
329
0
539
15
44
0
449
385
1437
622
6
0
2553
589
3200
38
1
5
2246
3200
8
3200
33
1615
73
256
269
138
3
2
775
6
252
917
26
155
1459
1
301
19
3
0
77
1
198
1499
1
2
54
1
227
201
388
46
2
0
2
564
33
0
51
1
14
9
17
9
62
6
102
3
1
3195
65
98
2
85
175
912
1
2
1
3
119
4
5
154
164
779
0
177
0
91
569
565
171
15
116
57
36
46
587
1158
2
22
1
6
33
60
78
268
2
175
61
373
861
4
115
33
29
4
154
15
3199
1945
79
133
612
21
64
2
12
9
11
59
18
2999
33
48
14
0
11
12
4
865
33
137
1
44
72
5
70
122
15
0
0
117
10
285
164
0
3192
1246
84
91
2789
2838
52
0
0
14
852
0
0
61
5
216
23
2
49
118
444
17
32
6
11
71
2381
57
20
786
2
180
532
0
458
23
6
27
14
344
35
520
3
268
1873
1416
3
161
2
341
15
0
753
67
614
387
0
183
3200
0
0
566
498
54
23
2
9
733
3200
118
75
57
147
4
653
0
815
10
1
1
1
2
84
136
20
652
93
0
10
24
970
49
12
1
2
242
52
0
3
554
20
40
3200
398
4
99
2
271
82
430
58
49
2
3199
195
1128
1014
3
49
208
43
222
897
3
915
0
195
89
12
1508
2
357
6
98
7
982
13
35
6
1573
871
0
58
1
4
19
50
45
3
317
255
0
36
3
0
70
1
16
47
717
0
239
3199
0
637
0
215
9
14
3200
1114
0
283
1478
54
17
0
23
1625
101
82
1160
25
76
1306
13
10
20
1065
360
1509
642
51
3184
3198
31
35
470
1
3
1
27
143
374
30
1
18
3200
11
1
72
75
2
1
99
432
117
31
121
51
13
11
58
3
1770
23
1590
0
130
4
3
3195
106
228
3
3
0
3200
0
2
45
5
8
143
306
0
483
0
4
3200
17
439
29
3200
2192
12
22
8
156
3196
1341
34
1387
335
33
8
2
325
224
254
235
218
118
91
5
182
3200
82
596
6
176
2
48
3
148
7
6
186
139
359
2
18
17
36
197
26
7
39
23
12
1
3
2
0
3
3
2
37
44
1990
628
0
36
377
4
694
27
199
58
117
20
1290
1
7
68
1356
44
4
3
549
3
0
51
2
31
216
26
8
10
3
0
253
3200
3199
235
19
3
0
143
1109
59
9
20
31
102
52
140
368
0
12
46
281
10
118
83
34
519
777
3199
25
2
0
1
1
0
654
1
3199
880
1
4
21
2117
1873
0
1
1
215
56
17
129
3
1
19
35
740
77
15
793
1
3200
169
0
135
3
301
1
120
4
113
0
0
0
11
178
37
578
3194
0
193
3
1294
4
2553
19
239
4
2
0
24
6
54
22
268
600
662
2
2
3200
138
0
133
4
3063
39
430
1
506
11
3200
31
6
17
67
0
1027
192
181
101
0
51
0
1
10
117
19
23
2212
311
205
1
1936
167
3190
1141
26
315
147
3195
16
27
1
8
1265
3
38
3005
6
19
23
2
4
880
16
20
814
4
33
516
23
1960
0
0
114
0
0
220
29
0
738
410
46
1754
3200
167
0
0
49
24
1823
113
3
0
3139
5
6
94
223
0
21
64
1
464
4
241
194
3108
43
11
0
3186
0
0
145
282
118
2
74
69
143
3199
7
36
388
266
462
3200
77
16
3200
1278
0
0
400
80
1026
6
11
1
3
26
3196
7
14
0
3
125
3194
805
3
3
1222
2478
3200
41
0
3200
113
471
12
0
1
237
193
354
0
3
37
1386
254
9
8
14
153
1
42
0
0
3
1879
0
30
5
481
17
1
0
3
9
1
0
12
139
269
24
184
0
2
800
64
71
0
2
4
5
9
46
5
14
0
1178
4
54
157
0
17
7
929
1
3
5
0
1441
242
734
91
22
465
59
3200
47
88
0
0
21
290
1048
116
17
46
243
3200
237
3200
16
239
489
353
0
129
3
301
115
2471
80
7
26
191
272
0
0
62
194
125
210
458
4
20
1
1
154
141
50
354
326
3199
3188
3052
72
3200
354
0
2
17
390
3104
10
110
527
7
8
118
1941
0
0
4
85
28
0
0
6
110
10
28
65
14
296
354
460
2
37
73
0
23
3
0
1698
88
0
90
4
1
799
1
1
157
700
0
408
207
111
784
3200
3125
0
178
10
130
3
120
39
3191
3
0
33
4
547
9
0
225
260
244
77
112
188
35
146
444
0
193
214
58
552
805
5
879
48
6
3200
0
0
95
124
1506
376
19
175
1
38
4
18
1
2
2
9
157
1
133
146
4
0
75
3200
1
676
3200
5
23
0
45
1
95
5
333
658
3
153
139
9
6
97
33
35
42
1
3
3
7
91
67
133
2
3200
1
73
194
21
173
128
24
49
203
289
4
2
0
8
0
27
147
0
3
612
3
65
118
3
7
248
3
0
2472
0
1619
72
1795
8
241
0
19
0
23
10
45
3
0
344
357
0
355
5
49
1124
12
3196
11
45
142
180
160
5
580
171
32
49
445
99
14
281
3
66
0
1251
0
443
1
2
276
74
0
1
44
20
52
22
18
7
2320
26
5
52
5
423
245
1
525
10
0
380
3
344
22
3
26
17
19
621
59
56
14
550
15
0
49
2157
73
989
192
111
16
56
46
122
983
7
32
31
1
11
8
1032
6
127
26
262
0
450
0
1
1929
55
6
65
3200
3100
12
1040
0
189
128
28
2
0
3
1
16
2
5
558
76
6
68
0
530
1358
794
56
365
2
138
0
7
0
1
2005
1
0
20
1
55
1050
4
0
86
124
812
115
36
1
709
5
6
10
6
66
6
884
2
21
5
0
0
29
601
317
751
12
20
0
14
824
0
99
120
2765
103
13
34
29
860
0
46
66
596
437
35
3
59
215
54
105
1172
671
1
88
142
2
5
5
128
3200
23
846
15
146
497
2
19
13
4
14
9
7
30
2
188
101
15
25
189
20
467
23
182
3200
276
22
285
1
458
5
89
101
2
1255
44
13
1
1
25
44
79
3
4
207
0
241
9
4
115
9
108
565
92
356
13
2
26
0
3
113
163
1
1
3200
14
14
3194
3
70
124
219
379
3200
1
1640
717
98
2
140
14
5
171
38
10
21
1
8
2144
7
14
1
21
14
98
61
8
41
12
2
2097
7
1
3200
19
364
100
10
3200
12
314
42
24
4
24
9
17
1
3200
119
14
98
22
16
1
679
100
2463
3197
14
100
1
1060
183
13
26
12
602
49
305
61
99
12
3200
736
0
4
40
0
1
0
21
27
2
4
0
86
1
3199
0
3198
0
110
28
21
0
2
122
2
0
13
1525
3189
420
175
11
0
3199
2
56
1766
44
899
3
88
90
1666
433
0
203
1073
451
1
61
0
0
184
1897
0
113
2
507
3200
1165
0
218
117
26
2
1
0
1
1
162
576
38
61
208
0
25
331
3196
0
86
7
5
1
155
2
19
0
5
71
135
0
31
3199
389
119
2194
32
0
0
723
299
1703
88
3076
38
0
0
590
276
5
513
1953
3
26
961
2
8
1996
92
5
12
1
15
0
641
52
1246
7
3200
100
3
0
4
108
24
21
23
17
3
35
3198
4
251
144
18
1
2
72
0
2718
1666
567
20
37
0
0
3
4
3
6
9
110
113
3
706
1
0
248
291
29
0
2226
4
0
2
50
307
12
3
0
1921
1835
142
3
12
692
407
5
407
3
29
748
67
265
7
10
1
0
83
5
3
1
10
434
37
40
1
167
3200
59
17
95
49
81
1
73
23
214
1
81
0
3084
28
1199
29
1
3
7
48
2
8
98
39
78
386
2
3
4
70
1608
109
16
1
163
18
6
34
0
168
1
406
3200
2
2
13
37
32
1
14
237
559
3200
9
483
6
3199
150
23
1
104
638
10
0
3
309
79
16
8
20
0
44
3197
1556
139
4
138
1
21
29
3200
5
1240
3
2
35
161
4
2
790
20
1445
7
27
43
10
5
2
16
4
23
2
232
5
2518
55
419
22
13
2648
5
531
47
0
1
266
0
5
277
11
2
406
1
16
764
43
0
152
55
937
7
8
909
20
5
0
58
70
10
6
9
0
3
609
0
28
251
7
1
202
9
0
19
243
1
408
825
3
22
725
2
336
6
262
88
24
87
11
5
37
4
400
1
893
0
2
16
39
145
277
3
0
0
259
1775
1
1
400
58
68
2017
13
0
1
10
1
1
124
46
17
14
4
17
2109
1
43
19
1622
24
1144
6
12
3200
20
1734
0
53
0
1168
0
475
2056
2
1
2408
122
1804
289
15
50
3200
87
41
286
8
159
3200
48
5
1096
534
0
4
16
0
381
1
485
742
205
48
35
1
1039
537
186
2338
78
23
2766
0
3200
141
44
129
23
3
874
148
1586
1
3199
10
0
16
5
5
14
0
3
44
608
380
115
255
63
65
28
177
1
1
645
2
16
135
1
19
16
61
357
1577
0
11
0
118
3200
1
0
3
24
3
47
7
84
11
171
3
5
1223
22
34
357
0
0
0
1394
737
49
57
255
170
53
0
197
0
15
1266
0
1
662
117
342
28
0
430
1
0
235
146
13
1276
6
4
1395
269
589
1
10
24
0
402
459
202
212
0
32
3199
390
1
736
315
8
3200
1
2
6
0
37
55
4
7
9
94
27
0
284
154
88
293
5
2
13
3185
611
3198
17
2
133
695
74
10
15
239
4
2684
1
61
67
2
1
3
5
5
23
382
0
1
3
0
30
290
19
46
34
3
38
1910
19
34
0
4
178
29
425
6
5
0
0
1608
43
920
208
409
2
567
73
416
423
3
17
3200
73
2339
3
2095
198
70
104
3
105
763
29
7
912
17
13
226
1
3
557
296
572
101
4
0
13
41
381
2
212
4
382
15
200
0
333
8
118
33
981
72
21
45
64
19
19
0
73
1
294
47
813
2
0
116
1
0
1
323
0
2171
9
2
3
389
4
979
30
18
11
5
3200
663
0
213
27
81
13
3
3
47
13
37
0
10
83
495
8
627
5
22
31
31
2
67
35
3
24
708
6
1898
65
2120
2
11
287
0
38
3200
179
3
165
1
7
0
473
349
25
370
4
73
76
0
89
3200
3
2
33
40
742
1
7
313
83
29
1
94
22
82
2
55
1
13
781
21
1667
1
8
48
260
3
0
355
4
15
881
2
61
4
92
3200
3
1259
136
0
23
8
6
7
3199
14
42
64
149
12
443
89
1
62
7
3200
37
1261
204
1
1371
5
2188
14
471
0
656
2253
15
16
1
5
286
0
1
12
3200
3
940
2127
177
54
22
3161
31
296
2970
416
17
0
21
921
22
1
114
14
3
1372
1
434
6
1750
3200
355
10
252
3200
13
165
3195
5
0
823
45
1
28
168
2280
66
1664
86
143
0
3
4
2
1260
27
1092
4
5
69
57
43
279
1
0
13
3200
96
124
7
44
22
3026
39
0
427
984
23
1
0
12
5
62
58
8
57
8
68
1
19
6
411
10
2
16
590
999
0
1062
25
297
2
48
1
1266
139
878
35
2
0
6
23
5
5
49
7
123
765
8
18
279
3
2
0
3200
4
32
130
93
1
12
7
148
0
140
25
71
14
400
1
0
17
252
47
553
83
793
6
1
2083
11
1011
9
1
170
10
1
54
0
149
13
1
89
4
110
83
69
371
1
1
315
2
26
3197
1870
0
19
2032
238
0
20
1018
27
24
1664
337
170
0
2338
70
19
247
25
30
191
1720
1957
1006
603
7
1743
213
153
243
0
1
1
10
1
5
0
1
3
3199
62
1
142
182
387
80
30
239
2484
4
136
15
67
5
253
0
0
34
16
765
57
21
262
0
351
278
188
6
107
24
532
1
109
62
109
31
501
0
3200
54
1
14
3
951
120
175
191
257
34
75
20
10
1
1905
1
3200
72
99
314
88
270
1
475
3200
996
3
62
4
4
596
1703
3
0
724
4
888
1606
31
339
233
0
1
15
74
160
3
395
23
1
36
10
64
0
6
181
3198
731
24
3200
1
93
38
49
3200
0
83
53
4
1213
317
0
3
3
1195
1898
17
1
124
227
940
312
3
1
886
1
4
36
4
98
1
192
50
30
162
1157
169
0
683
2
119
310
33
13
11
1
3200
7
11
38
610
38
77
18
47
609
15
486
0
2
69
10
16
372
204
2
15
42
73
29
15
734
101
500
57
27
7
6
0
15
149
6
12
21
23
32
60
0
839
2
36
3
97
1680
52
8
0
1
149
14
8
133
0
914
1056
2
1123
2
8
0
20
510
16
87
103
1
28
3042
84
6
27
0
3200
6
700
15
15
140
2
0
229
84
3197
1464
10
3200
1356
118
60
0
0
269
375
871
7
665
5
5
36
4
32
15
4
11
4
0
184
17
26
45
1232
104
0
117
3
2
427
144
12
7
0
16
1
0
335
47
0
129
47
1
24
348
10
1
14
2
440
76
3200
1770
4
837
566
83
33
18
189
459
11
67
1071
39
28
54
690
34
369
3200
9
3200
33
2675
394
2
46
10
210
6
9
3200
2474
10
25
46
666
0
380
1361
151
1961
69
41
38
1815
82
1
16
579
12
201
25
128
11
11
196
9
0
576
30
340
402
176
71
15
2
31
146
365
59
287
105
44
0
97
50
283
188
35
2
32
0
153
0
82
1574
115
1
45
106
428
3199
13
1
179
0
3199
123
442
82
241
0
159
0
10
430
1114
854
733
536
1
101
36
3200
46
8
108
122
1
2283
1
1
822
75
252
33
21
28
1
82
25
99
110
91
349
465
67
362
53
2056
143
26
289
1913
0
105
4
588
1
21
6
10
56
391
7
1
11
25
0
38
15
1
23
2467
190
0
4
238
42
3200
3199
27
2
322
312
5
0
14
0
2768
7
0
1
2
62
66
3197
8
9
112
13
26
256
1
24
208
278
12
10
22
2
13
1
0
289
4
1
13
235
2
4
53
473
3
12
78
41
916
8
2
403
20
69
2
9
34
287
2
31
3199
63
32
438
2209
18
0
3200
29
23
3200
885
211
38
246
205
1313
5
77
705
119
60
0
250
67
0
644
9
83
2920
298
10
282
101
0
10
120
49
348
2
261
14
27
210
4
110
5
403
4
400
17
39
38
3200
330
1
380
9
33
0
3
1
15
14
32
13
1998
4
2
41
202
99
2
19
16
19
81
3
195
0
3
129
3197
0
257
12
2179
638
9
1
750
2718
0
656
247
3198
183
101
1
0
1147
3200
119
1276
27
26
30
0
5
16
661
58
24
158
0
17
1
101
77
485
7
5
0
7
296
0
1442
326
8
5
144
16
3200
2
34
272
19
611
5
84
452
604
3
62
73
105
13
1243
25
279
8
33
4
17
0
23
108
0
2
0
181
456
134
3
146
2
17
1061
24
16
105
6
188
5
11
30
51
1
109
408
98
3
0
1214
7
3
90
1
6
15
804
1265
4
2
6
274
162
274
2473
2051
0
808
3199
21
0
152
5
0
60
0
0
646
0
0
0
92
8
620
1928
1
555
12
2231
26
1884
42
541
7
14
15
2
8
753
5
2103
13
36
17
5
0
370
205
66
2
7
62
0
52
0
717
104
9
2
8
10
6
0
140
1649
1528
30
28
3175
84
3200
20
435
1
765
2355
4
5
353
52
10
316
0
56
2249
0
559
20
527
1
42
3
964
3
15
544
3200
143
3
30
13
0
51
725
41
211
2200
9
566
27
13
514
840
6
198
13
0
2
22
31
1
1130
560
1078
0
4
0
32
4
2478
1070
0
243
675
337
0
25
50
150
18
9
1570
12
0
51
17
0
74
97
0
15
32
0
28
5
3136
10
1
220
95
40
117
1
4
32
0
1
47
0
3200
66
10
0
97
22
269
101
310
12
3200
1689
34
0
106
1072
150
1
30
39
6
47
174
438
72
0
1
287
6
13
3200
108
27
1966
17
13
16
3192
18
78
5
10
3
0
28
438
1246
7
100
2
219
5
14
7
8
3194
4
61
3
1994
67
3195
3
229
0
98
0
131
39
524
631
2202
10
311
4
542
514
177
0
50
1
166
1
3200
631
0
25
17
11
55
120
716
38
0
1193
12
33
50
459
543
4
29
2234
115
52
378
837
43
106
6
23
9
3128
1
37
1928
365
1
79
1597
19
54
0
2077
271
2
0
394
11
152
16
1650
17
23
0
0
6
220
3200
9
126
0
6
46
420
54
226
27
1
180
7
83
339
2
3200
0
20
7
1
0
277
2358
2349
1337
5
3200
11
3
1
62
0
58
40
16
274
0
0
114
65
92
6
0
2
401
115
187
1280
65
1
3200
2
1140
222
134
3198
171
1
35
6
38
12
722
384
0
0
1
4
58
11
151
4
9
20
400
0
19
32
1
7
163
0
45
1662
16
1363
47
1
6
25
4
32
1
21
16
1
543
103
1
97
2
2530
374
4
3200
12
259
4
3
46
1245
15
3200
3
1
1
127
465
1
366
569
962
206
4
24
4
522
2
22
800
12
45
0
0
0
0
0
8
18
76
117
205
126
340
0
32
1
25
253
5
122
1
1988
3199
3200
34
17
20
6
3200
2627
77
33
1
5
564
2379
201
0
50
45
0
26
10
12
240
3199
2420
0
13
212
409
5
6
9
931
38
7
1
30
2
22
994
12
1
280
66
1812
77
343
275
26
417
1833
716
0
0
8
0
2
1124
15
3
12
0
3200
65
1000
278
12
5
0
185
339
327
1
101
0
118
3200
4
28
6
70
1257
14
10
1
71
2
5
4
3
0
17
388
57
2190
375
1057
6
26
2
11
29
1730
966
17
7
72
1306
23
5
17
1
249
51
34
551
12
16
17
2724
167
51
60
697
1
1
30
27
4
111
6
291
2
624
1156
0
109
9
0
18
6
3055
2604
145
58
0
2137
16
13
1
1043
3047
715
3199
169
96
491
456
15
1
5
7
0
3200
30
137
39
96
220
15
0
15
21
18
3200
15
87
4
1
0
143
81
3
0
3
83
23
3200
0
185
328
24
346
59
9
1
338
378
1
3200
40
1
4
125
308
1793
3200
28
3
2
115
1
8
601
69
31
0
538
117
20
198
212
458
37
12
1
29
997
365
63
267
0
22
810
1
213
61
41
5
1
0
47
0
83
84
1
1
0
289
19
55
51
1
9
0
309
4
2
9
1449
4
2207
237
28
51
63
790
4
90
19
29
8
1627
9
3200
116
3199
1
405
16
3
373
20
6
100
5
0
25
1
57
47
49
242
16
0
2
1262
8
3200
245
28
1
344
2082
0
7
280
3200
505
16
351
8
1
6
129
4
67
0
755
9
51
9
579
2630
57
204
0
1
1
7
106
1162
0
17
48
15
441
28
117
351
2
95
17
87
7
1
5
4
568
30
138
37
56
1
0
628
8
2
22
2237
3199
6
7
106
1155
316
4
53
1518
16
3200
13
79
157
75
1323
146
45
18
0
3200
3195
0
43
1539
29
636
9
11
117
95
2954
36
20
122
85
1
49
2286
1
27
0
4
5
27
3192
2440
0
571
64
5
75
2
1356
0
5
2
32
34
53
3
7
327
117
136
8
0
31
28
0
23
3200
403
18
1
5
58
6
3
32
48
7
28
33
11
1485
1511
879
0
3
1
361
0
8
9
0
5
2
1
0
129
3
423
15
814
262
17
7
3048
1
4
0
1
63
1052
0
0
59
7
2
2
965
4
26
0
16
37
994
5
30
6
1101
19
321
9
262
0
3065
16
5
7
238
28
73
23
1
2025
485
0
5
412
0
8
60
2893
2353
21
59
256
7
17
35
34
13
1
1
2
849
2
0
11
163
12
57
1
738
189
245
4
0
6
27
1
1468
59
14
60
1388
3
1
504
7
18
0
276
140
3
92
71
1966
0
4
1
14
3200
46
48
127
0
109
15
0
681
14
8
15
5
4
5
16
10
3200
4
664
6
0
59
0
86
0
3200
49
0
0
2
31
1467
782
79
2
1
25
0
2
3200
35
2641
30
3057
2
171
70
8
902
31
0
0
0
226
130
27
227
5
20
596
3
0
1
40
101
0
240
97
68
3199
104
8
332
0
300
1
225
6
13
0
232
0
204
71
73
4
204
14
17
230
1
1
237
40
1
10
0
70
6
29
118
4
38
1
24
271
7
1903
43
26
468
544
3
22
6
3199
33
87
0
3
3200
3200
32
1
17
811
9
119
7
0
157
0
493
2781
0
4
1
1461
0
0
268
902
561
0
35
45
90
0
21
73
18
24
146
454
0
6
1580
5
953
428
4
4
0
2
690
455
385
13
88
139
236
1
3046
11
64
52
68
1
5
107
1253
22
294
2
69
2
6
0
14
0
436
6
86
1
154
3176
454
1444
273
6
20
2
1
1
1297
1905
17
515
85
215
6
0
31
1
3200
19
2275
9
64
119
10
176
404
295
156
6
96
730
364
36
51
1449
17
1
203
2
11
0
7
1774
23
0
144
3
818
153
3200
849
47
66
740
33
1
464
179
2992
76
76
21
8
3200
100
292
0
140
272
46
0
81
164
2608
98
1
409
6
20
0
32
437
2
36
2241
19
19
56
43
33
1282
5
151
5
7
1870
43
0
25
32
0
1
265
0
2
2583
55
2
3
36
0
288
122
8
807
160
0
2307
402
1630
520
1295
28
3200
162
31
39
12
83
319
0
1005
114
34
1252
0
5
357
1
2648
4
0
1
1
8
1685
18
102
232
260
27
177
883
30
30
16
24
190
472
3200
1
215
6
1
869
0
3
3199
16
1157
4
2112
2
19
0
2059
217
4
53
568
2057
1337
9
1
11
19
1
1939
2
7
145
13
37
28
2
55
34
1
155
3
411
2619
136
165
39
101
1
137
0
17
26
925
0
0
3
2
3200
23
48
95
2
42
6
502
28
18
0
287
554
92
75
190
3200
105
1
159
3193
9
73
0
1
1310
1122
4
3
70
51
244
5
26
1
702
6
3138
1
159
77
9
8
136
76
0
1
5
606
84
3
41
3140
359
99
1
0
0
141
32
1
9
613
1
488
31
0
257
0
38
159
1
50
298
716
0
1241
50
190
5
1
24
54
87
6
1
20
24
22
9
384
795
0
19
143
1
289
3200
36
26
71
28
88
2
32
0
231
109
4
11
746
11
1
24
68
284
1937
448
22
8
32
22
4
6
1651
69
125
236
0
230
592
122
1647
122
315
0
22
5
31
4
36
9
20
9
8
3101
324
4
43
947
1
1132
122
240
11
317
662
1
637
38
1
42
15
2
1
29
1245
20
174
2725
22
161
30
28
52
3200
1713
398
96
66
945
1
5
174
90
9
5
22
961
41
1603
0
1120
0
190
47
37
18
8
1
0
2
27
3
204
34
67
12
35
11
41
95
54
19
0
6
18
3
3
1027
0
95
5
37
51
112
1
39
0
12
1
473
182
10
24
1665
6
6
6
2
440
1208
7
0
16
175
25
0
12
1
421
129
12
180
0
75
3
3
0
2232
66
44
0
622
253
5
23
29
3199
19
2
2046
95
11
8
229
102
32
44
32
8
431
3200
193
13
50
116
186
7
183
907
5
1353
4
115
2
618
103
3
42
74
50
11
327
177
1254
1059
25
33
506
3
27
670
53
39
2792
1693
341
46
0
4
112
118
171
4
21
0
1564
29
0
869
3200
26
4
3199
121
772
792
3
104
27
31
1
17
1
490
2397
1274
632
4
466
1535
4
87
396
201
432
0
896
1
694
29
16
31
878
71
11
13
10
897
30
38
63
131
317
1353
27
1
2
6
306
993
532
8
1644
669
5
1087
24
81
48
368
19
12
26
30
0
75
7
0
112
6
2
47
4
0
608
27
0
940
0
67
7
0
102
35
49
2
0
190
54
3
1
47
31
60
178
1185
3199
25
12
131
0
261
256
0
3
38
120
570
12
23
29
627
189
69
0
717
208
6
2
4
82
18
80
347
20
235
461
3193
78
2648
5
280
2
81
19
373
377
113
3121
0
12
167
31
8
0
170
665
0
5
362
602
6
86
3
6
0
3
1808
50
0
9
182
6
392
331
39
3200
129
14
8
444
55
2
18
4
5
0
15
6
530
25
22
366
0
13
1
16
343
247
3
19
4
13
1006
878
1
175
11
1
1
98
407
23
45
1
244
79
25
2118
85
3197
5
56
0
1978
173
36
11
31
3200
334
31
25
3
2194
11
3199
123
10
2
2998
1
21
79
1371
125
35
965
18
18
7
80
19
144
3200
86
1141
43
0
519
1
12
4
20
11
3
547
34
484
7
80
731
232
79
1
0
2278
43
0
14
0
21
1140
727
957
60
135
75
21
23
0
19
2
3200
1043
47
0
17
7
343
13
36
293
304
23
1827
69
3200
1
10
36
1
71
44
1762
452
0
99
11
1
232
132
509
882
20
31
11
0
1559
0
1
36
2372
11
2
23
484
2
0
1
5
2016
5
39
0
113
75
67
259
1614
697
2035
71
25
1974
3099
81
16
187
3200
399
19
495
3003
0
1
116
222
2
238
22
1
4
47
208
69
3
1533
2
251
2
21
794
1369
342
2
255
28
3200
0
21
19
20
78
269
44
1
54
23
600
0
2
794
263
79
33
165
3199
21
1208
6
0
255
784
35
0
25
1
57
2349
180
0
0
7
3200
3200
9
16
2
23
59
1
1
178
4
390
2
125
44
8
3
4
345
95
193
1
270
92
2023
43
0
1
175
3
1
320
20
8
1
2
2
7
18
269
6
14
1
447
68
13
3200
7
45
113
32
86
2
23
30
0
1327
52
17
4
68
24
5
7
1
301
504
491
5
26
0
2
175
13
2018
16
427
10
77
3194
375
890
200
33
0
510
111
169
14
42
216
12
0
1805
245
24
673
1015
9
70
0
640
93
21
130
78
2
163
29
232
0
10
2
3200
89
26
5
64
180
1
1636
0
151
3200
4
12
225
1315
50
720
391
573
6
24
1
9
56
159
426
710
4
2086
2
13
1311
3200
1008
34
4
25
723
1
21
15
1
4
1
7
5
78
271
87
42
0
11
22
657
19
46
12
20
34
0
0
0
11
22
39
7
12
1
24
231
1
622
52
16
354
11
4
103
1963
0
924
0
5
39
8
100
6
8
38
22
393
72
3200
104
326
1406
3
1
310
12
5
117
2
68
3158
0
2399
3
231
9
142
111
32
960
898
0
419
707
67
167
165
44
67
0
19
0
18
1
1
1
77
148
0
3200
202
31
98
0
27
97
10
0
3200
21
1
0
21
25
8
290
4
309
3187
96
3196
203
110
551
191
0
3
244
39
4
106
3198
20
0
37
2
594
32
40
224
4
10
105
2
8
363
393
1810
456
146
217
0
950
0
0
616
17
29
0
3
13
31
1017
29
2
89
443
1005
192
587
116
2
230
3200
564
15
9
9
0
1
4
2736
28
59
165
0
14
0
29
1
0
862
0
190
2521
22
84
806
3200
514
8
110
2
69
440
1
254
301
577
1
211
7
1
11
1
0
3197
3200
85
35
57
111
6
538
307
3
157
401
303
7
171
214
677
0
0
353
9
14
10
3
30
6
32
35
10
224
12
69
1
2
11
88
1619
1
252
839
0
1
50
280
788
265
5
3
203
68
36
27
11
48
46
3
770
49
3200
5
48
229
17
388
29
3200
4
2
18
736
50
767
33
836
1499
0
135
358
156
45
62
431
2686
280
3
770
108
0
0
3188
9
2
33
50
1
460
72
50
2
922
555
30
75
104
249
139
104
1
230
8
17
1
23
499
25
363
2299
2
185
2400
39
16
0
108
7
65
38
2
50
0
149
1276
1577
131
400
1442
9
43
123
0
30
2
11
289
0
4
94
19
3
2108
1
572
1
133
154
259
64
8
25
141
36
3
0
25
137
10
487
27
486
1
153
652
11
0
3200
62
1
111
2
682
0
39
131
2
314
3
0
98
472
12
0
1
35
70
34
700
0
23
1
104
4
185
13
28
482
71
1
1
4
51
0
0
4
1
2
1301
269
195
36
1
23
0
0
254
0
1
41
18
37
1
158
3
1
9
2539
31
703
1
66
19
99
4
164
3
58
472
47
139
142
1341
0
15
3200
7
1
3
1555
2
70
13
3
3200
0
5
0
103
685
3179
8
758
28
239
9
2
44
2
3
7
78
5
576
299
1
1070
8
18
1444
160
26
96
4
213
201
1
612
12
14
36
27
2
1
3200
410
1
1
2
1
3
64
8
3
0
491
1
55
3
1
14
3
402
131
1188
11
412
33
8
0
304
173
2
19
14
489
1
756
459
502
28
41
869
27
9
173
61
1
50
1386
0
32
42
1438
116
31
4
1303
37
935
650
1
297
80
42
248
1
92
7
18
127
28
6
2782
11
21
54
0
7
3
25
1
45
140
1
5
61
2
0
7
10
1
18
23
351
7
3
275
205
3199
2
2
511
142
32
7
14
3
2
281
1799
749
361
4
12
0
3200
8
2
45
1782
3200
0
0
114
115
27
2060
3200
3
417
1
6
26
0
20
0
235
0
97
333
806
121
20
3
785
60
3184
2182
369
31
394
9
13
7
1
3195
4
64
0
9
131
0
3200
0
556
283
384
17
106
257
2
559
1
4
0
48
4
2
373
5
8
1113
481
317
151
20
132
17
1
0
17
14
11
35
14
0
38
47
2
0
4
701
42
72
1
523
6
2529
2
315
62
6
335
179
29
1551
114
3197
103
11
467
0
286
0
18
322
36
106
58
1
1
175
27
3198
359
21
15
10
2
1
98
2
315
1015
1833
0
0
58
1
3200
154
46
7
0
17
209
4
3
2643
1
340
90
269
9
3200
0
671
645
1
19
0
121
294
5
0
0
7
8
1
7
7
69
16
7
325
27
167
219
12
49
21
16
15
24
0
8
5
33
0
155
356
191
73
56
48
77
2
2
42
2
121
14
23
12
467
473
1305
0
3159
1384
284
819
1
462
432
411
71
9
2027
1
13
156
4
2
9
42
466
2
92
47
10
36
721
116
39
170
63
87
79
8
64
29
0
35
3
3200
32
21
0
61
1
6
52
0
3
6
204
337
34
36
59
797
25
153
1
300
1131
11
0
221
7
1454
57
7
69
141
309
2
1598
0
3
59
42
665
9
67
1
1
18
418
209
3200
63
378
2
6
423
1087
3200
11
176
3194
79
812
0
2
6
65
54
831
94
863
12
297
0
19
2
739
2
43
545
89
55
237
40
3200
139
3200
4
45
1
1
167
11
13
106
3
1183
102
1
96
1
283
1
40
16
47
1477
304
88
182
411
246
2
16
10
1123
8
6
1
5
8
356
49
0
0
4
2
0
15
178
86
1040
36
21
35
350
6
1447
112
10
27
6
26
22
135
17
56
0
2
328
1284
1333
1502
122
2583
431
244
1
504
4
32
147
486
3199
24
85
396
324
21
136
513
240
37
0
3048
9
611
343
70
206
4
96
1318
1
9
85
1678
16
102
118
24
26
12
2659
116
0
18
38
152
8
28
0
4
44
0
0
1484
49
13
419
0
22
5
61
2412
2
127
1
0
1759
2
64
32
106
1
3200
87
263
15
16
0
1
32
248
203
1
119
0
77
1
141
67
3
4
138
63
86
57
1
3156
13
114
12
164
0
12
115
19
0
1527
522
585
32
5
883
61
2542
717
10
10
0
3200
0
1589
367
50
506
3200
0
95
9
36
3200
401
1
1615
380
5
0
74
85
142
4
455
32
1
86
3
280
7
53
38
197
1
1
130
69
707
468
840
3
0
93
74
31
107
71
18
3
51
1825
87
117
673
144
8
275
1
3200
3
21
19
61
698
2
1
1
44
125
1
156
1183
6
118
37
9
7
21
84
193
15
565
1
5
20
1
521
2
5
2
5
3
6
2
655
0
5
224
3191
1280
45
37
1
0
1417
389
21
177
2
6
109
12
1
1204
3197
31
23
1059
6
50
107
35
2
2884
244
8
15
0
11
0
97
745
416
1
1080
60
829
356
204
23
707
14
1
41
2
17
2
440
2455
22
0
191
3193
13
206
26
1
0
76
120
6
142
11
114
1
3
3
4
28
4
27
7
0
0
2726
527
15
557
2
456
6
0
0
392
3200
25
641
59
36
626
44
8
299
12
1
3
14
4
12
0
1
15
4
84
2
29
6
3199
3
607
1
82
800
1025
34
0
23
11
0
34
24
11
2818
5
12
29
17
13
723
68
0
60
2
422
9
177
572
30
1154
8
223
1
39
2
57
26
7
4
5
31
2659
9
63
112
67
634
0
115
1066
698
12
64
641
2
167
2
493
89
17
995
0
2
62
11
0
0
7
399
30
10
2
1
7
27
632
10
200
199
28
51
31
1
641
841
145
489
3
3
28
32
851
4
1
228
27
707
1186
29
29
2
1000
20
6
126
3
3
415
2163
12
2
4
71
192
3
2
1
50
3
163
259
13
78
710
2808
0
201
32
93
4
22
14
0
793
2382
1
43
2
232
2
652
241
552
3200
132
1
3
1184
60
1
47
1
3200
1
4
2317
42
117
6
2
1
14
12
54
42
4
65
380
53
8
92
1
1
84
3200
23
0
35
5
1
42
52
2
0
86
20
469
10
3059
162
50
78
246
477
3200
3197
4
12
1
344
1191
926
66
240
2416
8
4
99
5
0
0
2
179
491
32
126
2824
27
11
42
549
35
0
1064
2
3
111
1
20
1367
36
2764
4
633
124
4
22
202
22
7
0
5
15
0
836
1
1879
0
214
276
127
4
205
154
0
13
10
26
5
1
231
48
69
5
616
0
117
30
1126
897
134
0
1
0
533
18
9
4
886
7
159
21
1
63
718
242
17
17
5
49
647
7
2795
3169
142
212
173
10
461
188
1
2203
5
0
3143
3199
0
303
3200
15
44
43
0
33
26
18
3
1
1
122
564
114
1426
73
109
3176
13
0
0
110
290
86
17
1188
579
10
3
366
21
24
32
7
5
85
1
16
37
0
39
9
23
3200
1
0
3191
13
175
84
23
68
402
0
15
10
9
167
26
960
16
203
5
1
3
1
113
0
93
2
140
3195
0
2
8
66
2
26
57
245
2
0
515
41
117
5
55
211
8
33
3
1301
32
56
2
4
25
10
36
61
1421
371
827
141
0
12
0
58
13
1338
58
7
1305
3
131
4
884
24
12
36
259
1
0
0
4
15
0
47
37
19
23
1
8
1
32
214
218
4
3200
1
484
1
120
116
490
51
200
44
704
10
112
1
21
8
261
11
521
6
1202
8
11
497
85
8
73
1
166
10
129
20
18
29
100
556
3098
4
2
491
32
24
13
52
33
138
109
136
44
69
22
253
1781
742
10
1221
4
9
50
57
77
12
1
301
100
36
87
30
12
4
2
268
213
14
14
0
0
4
3
5
198
1
0
10
101
0
9
5
4
83
14
1350
632
32
146
128
7
98
2
0
317
553
6
118
13
2
1588
10
6
3200
4
324
381
9
1299
58
1
2
14
410
3198
6
28
1
2
1
847
28
1206
3200
25
23
7
110
0
9
1
5
48
41
6
42
0
2
35
97
81
6
35
50
1240
8
74
100
84
1
92
1439
969
3
5
347
691
1
5
18
10
215
0
1545
8
0
1
610
684
12
66
210
1
369
24
70
118
96
20
2
2
44
1
154
56
2
7
2
15
3
22
87
2
891
18
558
0
48
1
4
337
0
1
2
6
268
7
2
0
763
12
0
27
35
251
5
2332
1
305
16
25
0
31
6
1
11
0
46
72
379
3200
288
838
4
5
241
9
1
1662
111
0
13
0
802
996
125
1
20
60
7
0
65
0
5
14
27
18
77
3
65
136
17
355
17
36
638
44
2
3200
27
232
12
876
818
29
4
1013
257
0
0
2
50
79
20
10
6
12
105
269
8
0
1
16
18
24
1826
79
14
17
1056
3175
380
289
5
28
27
387
1
0
1502
8
3
0
23
1885
44
178
7
340
327
0
1
69
1
1535
72
74
201
173
22
2765
466
203
2
273
100
3
213
1
11
2
0
8
0
614
3199
227
20
802
4
620
229
3197
5
20
13
6
39
49
146
0
8
500
0
32
422
450
0
30
458
1
975
559
458
52
1775
17
10
0
33
863
17
42
2088
0
787
225
64
0
528
3200
16
1
340
4
210
0
1731
1623
10
0
14
7
40
1982
439
240
526
2
14
10
190
3199
3200
8
472
1
170
45
685
9
159
245
0
55
3
21
3198
3
0
46
88
13
13
44
2268
67
3200
14
10
37
5
3198
0
44
19
105
100
93
6
106
4
2
2
1
27
1495
1335
0
3200
85
3016
2
455
904
0
0
72
16
42
961
100
1
111
5
1882
421
0
835
5
417
3200
23
4
860
161
2
3200
0
3198
964
67
119
36
3
38
1281
2
47
58
46
0
71
36
509
2
78
2228
11
1
64
234
14
7
1
838
401
8
0
198
17
291
969
13
3200
1
1687
1226
2
40
2866
13
133
22
482
5
51
104
2
75
0
10
2
51
1
0
2
24
33
414
3200
522
270
40
17
169
0
3
1
50
751
17
63
4
30
3196
28
17
95
25
20
6
0
11
1
1058
9
29
8
29
22
228
0
6
1
11
15
14
1675
132
11
1
63
1693
0
5
1559
83
93
3200
85
480
41
84
2393
10
19
3
69
62
3
65
14
520
1582
3
966
534
210
0
1
1251
19
4
346
1713
0
31
52
1
236
2
8
77
9
1564
72
655
1581
24
70
0
69
123
113
81
98
54
4
5
127
296
942
572
0
4
165
123
1827
32
2
59
0
0
2119
9
1
845
5
501
230
29
3187
26
0
15
15
42
412
518
14
32
35
77
3186
103
7
10
82
174
29
0
1803
4
14
0
3
68
237
6
0
31
41
13
126
43
0
2
667
245
141
364
43
2592
97
128
0
6
38
0
75
30
45
3
4
1725
30
18
4
4
338
8
187
3
108
500
3
180
130
32
21
8
332
3200
9
62
625
17
69
1109
1
13
196
61
1680
50
205
99
40
837
44
0
426
0
1
2
14
1
2550
0
3199
5
77
1
13
20
0
56
39
168
35
742
17
37
4
135
2400
10
0
32
5
64
2
27
68
2170
668
0
921
114
20
0
69
38
0
783
1
777
87
729
79
40
93
0
0
3200
20
128
2430
1048
15
11
0
5
349
3198
23
115
0
4
1661
1
62
349
3
79
25
422
4
1406
36
5
243
43
1821
256
25
93
769
74
39
697
1
67
204
101
4
421
682
66
56
93
16
91
53
534
56
2
3
29
48
19
8
190
43
0
54
1617
1634
3
157
13
57
9
1
352
88
11
3193
11
3200
0
5
12
1761
302
1984
335
6
44
163
428
743
77
385
0
302
4
207
0
1
710
26
339
912
3200
221
3200
43
1172
3200
1375
1
0
7
94
3
0
293
4
38
310
0
35
66
7
3199
817
16
1
729
0
5
9
33
4
1841
1
4
66
0
0
362
82
316
0
1
90
38
3
50
302
19
6
234
4
4
40
36
3
1
30
148
60
2
354
0
42
0
102
392
32
32
1
1
12
53
296
3007
6
513
11
43
89
165
2
12
455
1
74
10
2035
1
11
2524
1
124
83
64
847
3
9
73
0
3200
1
84
0
549
47
3042
7
385
1
1
81
3200
0
13
1
107
669
13
2
72
76
63
14
0
959
247
888
9
44
24
44
12
3142
559
2
2
1
48
6
149
3
7
126
2730
7
1
5
1
2132
265
4
361
20
1
2064
4
36
3
12
3200
0
22
5
6
36
0
0
17
0
532
4
48
1333
49
0
369
0
3
183
176
6
0
64
1388
2763
10
109
187
1
1
5
10
764
4
1245
588
1291
2
66
1035
2
185
4
84
11
3200
570
445
106
117
0
15
185
813
3200
81
59
0
3
151
0
57
97
0
9
3
1764
273
164
0
337
208
1
40
0
57
12
2
2
600
10
13
11
63
1003
204
3194
35
127
6
59
168
9
306
9
16
0
35
1
27
31
3
2
2
2426
26
1244
2872
93
14
598
797
4
3
1
7
575
3
26
72
12
0
64
434
14
668
2
3197
115
2
0
54
3
47
213
12
71
451
0
21
32
336
53
4
106
10
9
37
14
49
616
1
169
29
0
3200
4
4
83
2
589
108
3195
713
206
612
37
21
941
163
0
22
11
988
59
785
161
3200
5
28
3
0
1
0
73
97
115
13
3200
193
27
450
3
40
309
0
0
57
1
0
724
164
2496
1
510
19
0
4
2
52
87
2277
19
11
1
17
22
11
509
0
31
3181
838
35
26
3200
0
5
6
60
2681
511
7
57
4
3194
245
2
0
291
233
33
1
3200
0
0
449
31
2
3163
638
119
10
760
30
284
9
10
9
61
43
149
140
183
1515
134
20
5
8
0
1728
34
1051
208
67
0
711
58
3065
255
9
129
455
794
3
1
3190
171
54
1
57
15
4
1
206
454
31
11
159
19
0
1
92
1
145
1786
17
949
54
28
4
10
7
5
52
8
42
108
463
840
0
7
0
3200
20
1
1
93
4
2
3199
351
144
743
22
579
0
2
19
614
137
1
178
87
418
57
163
1
352
0
12
3200
27
311
0
0
26
118
0
740
64
45
1
13
2325
4
1
3184
11
14
403
0
352
3200
6
1020
7
2862
39
3
804
1
676
719
2828
40
18
537
68
515
1108
2
38
0
11
92
959
7
0
3
7
1657
12
16
6
40
0
2
7
6
184
63
25
3
2
85
116
6
86
11
188
0
2226
765
139
14
88
8
3200
254
383
8
16
3
20
1
4
2
3
53
3
6
1125
245
18
338
2
1
3200
5
2587
5
6
1383
3
42
1
2157
11
34
3108
8
4
2
1194
215
1
20
4
48
12
9
8
54
22
0
3194
133
97
4
21
4
606
2
1
3200
4
106
1377
395
738
83
21
42
57
34
121
2
0
237
9
8
34
808
33
117
0
64
174
53
218
1
5
279
5
2
1
86
1
152
58
454
1
16
3200
128
1
3
101
1573
0
8
3
533
58
58
47
302
33
4
1
642
312
120
413
212
825
741
3200
3
38
13
21
1
15
9
0
4
287
2
75
0
1
1
654
54
5
27
894
0
0
135
23
0
71
70
801
357
112
11
1
2
3
24
273
26
2
34
24
2
0
3
4
494
2
194
14
162
251
104
95
506
518
3200
147
1
21
33
47
2
13
80
616
1
608
0
26
137
96
227
5
2782
17
0
8
3200
0
12
18
311
34
3
57
942
3
1
227
21
54
47
1653
401
1
31
35
1
8
84
211
63
15
3
9
39
1323
1
6
28
1
41
92
0
40
39
13
1
23
47
123
5
151
340
281
27
1
250
1069
0
442
0
20
306
56
32
19
114
4
162
249
76
3199
2
312
425
1
58
14
118
24
57
181
34
84
29
14
104
33
25
0
28
3
5
0
2430
199
3188
188
661
1
48
1131
339
2208
66
1
1944
315
1
244
128
14
156
33
19
100
0
18
0
325
47
30
76
3
436
81
456
124
10
2
6
1160
92
3194
60
2786
6
7
153
25
30
2
1
45
1188
57
15
0
2
1697
0
0
81
17
23
241
216
111
2
375
257
138
6
54
33
102
9
142
260
21
55
3
595
11
0
0
80
2
5
17
2
0
238
23
3
2
2
260
357
0
1
562
1817
1118
3198
106
28
3194
264
316
1
3200
57
0
946
12
27
2218
9
7
513
1
1517
220
36
1806
3184
1
210
3083
1451
1185
6
16
87
18
679
3200
659
851
15
52
1
96
37
3
1
1327
0
17
43
14
9
2
122
1299
15
0
179
29
9
5
47
0
25
66
0
8
0
184
41
2
231
36
20
206
3200
20
61
151
83
3193
4
218
16
42
2778
333
1237
1
3
30
11
0
266
1
25
663
5
3
181
114
8
8
1
23
3200
0
50
0
10
55
129
10
11
13
20
559
4
2756
1037
0
425
1513
1348
0
133
1
3200
460
2
21
5
3200
4
12
64
7
2324
52
201
594
35
594
314
1
2126
6
125
71
165
9
20
26
97
1634
0
660
14
1564
1
16
829
239
51
3200
10
48
25
5
3200
13
102
164
1
815
2
1
4
1486
0
26
11
0
11
119
0
0
59
0
37
4
6
1
490
0
32
1
2295
13
30
134
0
3
849
486
9
1
1
0
4
914
1312
1191
1
33
252
0
1
269
3200
76
27
1986
1611
713
61
7
15
386
5
846
141
8
625
2
5
1
48
11
4
399
1
57
10
24
1
42
2
1
5
696
301
1
0
6
2
0
512
0
28
1989
0
45
2
0
5
133
35
3199
12
633
23
1
17
148
40
7
455
63
567
0
11
13
2943
7
356
139
2132
3194
44
20
24
212
20
183
6
678
1
0
95
98
7
157
40
723
1
4
13
7
0
288
5
0
12
0
1
175
76
0
12
5
1
211
10
0
783
7
127
621
699
163
7
13
0
122
42
112
486
1538
288
10
111
271
2
17
433
2
72
297
15
2530
1173
0
0
7
22
352
447
120
26
41
6
13
5
3
4
130
499
1002
20
7
0
3
654
248
19
1
36
80
329
24
0
2
85
0
2
390
92
3
610
0
1
0
2
25
222
36
115
993
59
1
0
91
53
9
1
3
607
1
0
327
402
53
16
3200
10
35
1825
390
27
2267
509
10
1
211
8
128
240
2
869
0
218
38
0
619
4
1
1969
2
0
1
13
588
52
9
1083
4
1
54
1397
76
5
7
15
184
0
7
45
382
38
158
692
3
32
1011
55
0
0
453
182
1
1772
5
120
3
36
682
6
393
9
64
193
168
0
1
311
56
1685
626
1
3
27
124
3
4
133
76
810
38
2
159
532
8
924
766
248
54
10
0
400
26
1
28
0
694
127
267
28
2403
139
0
3
691
693
176
763
7
8
3
6
1266
56
222
107
8
33
1303
6
301
13
1
1
2304
94
37
1
1
3198
2
37
159
1336
0
3055
46
23
5
1
1008
14
0
0
161
684
1
76
10
5
5
47
97
1203
185
0
214
2
15
143
37
15
2142
644
2
46
8
239
89
413
75
3200
11
439
10
160
3
88
3
153
144
78
10
7
422
65
3
307
1281
3
1
2320
5
761
1874
5
15
24
107
23
411
0
1
1
294
24
752
136
31
763
2
104
9
1233
1
61
3143
1056
79
228
275
243
417
55
0
0
14
54
77
0
386
388
82
3
3200
1
1657
0
293
22
12
128
4
7
3
6
645
240
124
3
39
117
4
92
205
119
87
23
4
0
4
6
1136
506
14
52
5
34
66
152
0
293
4
1
0
10
0
19
0
58
63
235
1
3
97
452
37
3199
1237
1
36
4
12
62
55
911
39
79
5
21
2
3200
1
2
21
3200
3200
0
7
167
0
1
3200
300
7
23
0
498
2
16
3039
2
3
3200
66
2
294
26
491
0
100
34
69
159
15
113
318
38
607
0
337
3
9
4
3200
21
24
93
4
433
11
24
22
29
24
0
15
46
177
8
0
40
1197
222
2
21
3
1675
4
6
28
2321
2
369
0
17
51
657
1460
262
10
638
1
571
1178
39
2
1
21
22
26
34
49
722
13
61
7
171
3198
1
42
1156
12
108
42
3199
15
17
3200
448
56
0
3200
1487
38
68
10
82
339
7
415
0
279
17
860
1302
27
5
32
444
4
19
10
25
0
10
2954
3187
4
378
91
240
3
53
23
88
29
2165
1486
23
2
6
76
0
5
408
1
3030
63
26
227
2564
1411
18
938
208
0
22
1702
1
6
95
459
3
19
3200
47
41
26
289
91
604
2
47
1726
3
1550
494
30
3199
53
2
377
49
8
103
53
69
77
218
0
35
57
8
8
35
3
23
178
377
3200
234
23
84
33
2
204
18
71
8
0
81
23
79
8
1
1
0
850
9
685
0
22
0
1
3179
2
52
2
57
25
185
80
10
9
408
17
90
78
34
0
31
1775
657
1718
40
1236
70
62
3200
314
2274
2366
41
22
0
42
2
735
81
43
3
27
22
1
75
8
114
9
590
367
32
36
4
221
7
13
1
1355
59
95
273
44
36
191
96
301
192
14
4
18
3156
2
177
28
196
20
1
2016
173
222
49
1575
1309
5
2
0
103
13
521
1
496
88
157
2
2
504
1
110
384
1
22
2095
119
21
394
1101
2071
570
5
3199
3
0
400
0
3
6
107
19
260
132
1
9
279
101
10
27
3
42
7
21
4
3
0
3
11
1
111
20
1
1352
24
413
1129
0
0
68
148
10
23
3200
11
17
78
1373
3
748
545
173
37
1637
143
324
73
6
328
0
93
2
4
3
85
211
1553
31
600
90
16
1
234
744
1970
287
15
71
88
30
56
1057
123
427
0
2
19
0
464
1
4
0
3
123
4
402
3
34
4
655
1
242
89
5
22
413
170
22
0
0
2
1
321
101
2319
115
247
908
4
4
92
23
55
118
248
0
0
13
70
8
65
64
38
107
1
287
0
3198
234
61
2
21
4
408
1
34
0
142
0
114
119
383
3198
9
179
19
0
626
122
0
1
458
0
13
0
1788
1
3194
307
35
35
20
14
26
216
17
1
0
0
5
46
1050
354
110
9
13
68
0
12
125
645
30
15
51
5
12
18
85
61
206
1526
83
567
7
18
231
60
210
46
3
2
3
0
2
1604
0
1225
972
21
1
3
11
1
40
1
1
3178
45
1524
140
103
1
3103
843
170
359
3200
0
708
170
3
3197
13
3200
29
871
44
206
90
195
431
94
3
13
76
2
0
175
48
3188
658
111
4
23
28
0
1382
0
3
103
1188
13
558
2
0
22
89
123
404
5
14
81
6
1
0
4
2
111
0
4
3041
0
205
0
21
146
0
16
17
14
1635
4
213
17
3200
11
22
811
3
0
2964
338
200
649
26
173
94
26
359
19
1694
26
1792
7
7
151
4
7
41
50
24
15
3
28
3
2812
11
146
26
20
96
14
8
3
35
3
704
109
3
1
139
6
4
1309
0
1082
273
2
2931
530
586
574
138
398
0
0
265
1
1319
560
1260
1
11
3200
445
0
3200
18
499
756
120
352
3199
33
119
135
709
3200
101
123
1050
1274
55
10
148
2710
229
1
1
323
32
153
146
34
74
10
10
3199
350
12
90
1425
27
9
3
1188
3200
13
2
9
5
1
1
7
10
43
5
196
3200
8
719
18
0
134
31
0
4
1323
1
42
0
138
3199
605
74
7
205
168
0
0
301
1
1
40
369
181
49
13
30
184
124
457
198
472
17
15
93
1150
1
14
10
3200
256
2
3175
125
2
169
6
15
4
2
1473
10
818
2
684
28
780
0
0
115
9
696
12
60
3200
4
1
24
622
1122
4
24
2
0
0
78
105
3199
18
19
7
0
59
18
1407
0
1
1
75
0
0
184
31
0
0
1968
2
0
4
3
3197
0
114
1
68
26
144
20
1
155
176
7
20
196
17
0
15
0
1257
8
0
281
21
1
52
1114
671
21
1
152
264
2
38
873
345
3
25
2
33
1
515
1
4
42
1
0
272
0
0
309
37
1551
1
9
38
0
17
132
3
368
6
19
231
408
1
340
0
17
186
567
1265
0
424
825
344
0
79
3200
0
0
1631
1
530
1
2
118
3195
270
83
3
11
1
24
7
2673
3200
130
199
1415
1
17
21
1
74
1485
12
3200
2
768
149
67
9
0
0
87
79
11
359
3198
60
3200
33
2
2
2
1
0
25
3200
32
36
78
10
171
4
0
33
1
0
142
1
3200
23
3200
6
2
19
2
2800
0
10
6
3200
389
431
1
0
283
72
2
4
1
3
3200
13
195
1893
51
97
59
231
93
3
66
210
3
2
225
53
370
290
146
20
818
0
11
37
216
105
16
322
2
908
285
3200
6
14
134
9
173
8
77
54
612
0
59
22
3200
0
1
491
0
19
394
327
2134
8
19
9
29
507
1
1268
37
0
5
333
1
103
885
131
21
20
1
3200
6
102
40
12
1
5
4
0
44
51
0
0
2
0
11
39
110
55
100
40
3199
33
3
21
30
0
30
1
36
12
380
1317
4
3
3
33
1
1
144
36
1566
44
595
0
32
137
1020
980
1
401
172
26
690
92
4
0
1090
11
28
0
128
34
163
172
7
124
46
893
1
1145
791
33
162
2
34
3200
3
465
3200
26
42
4
797
103
5
20
23
0
0
10
3097
0
57
74
3
0
118
46
1
68
14
7
123
329
1
4
607
8
90
22
827
695
3
42
147
70
257
5
79
46
105
3
2884
787
21
1560
257
38
6
0
48
3
1438
24
11
22
122
226
938
441
110
212
104
2
8
2
12
396
22
15
4
33
220
0
3196
950
11
742
93
55
34
1
3
121
3
330
2
1
59
207
1449
22
636
5
29
0
0
67
10
0
18
1065
681
135
1
0
330
0
18
5
18
15
0
432
58
541
7
278
128
730
701
3
155
5
5
0
451
1440
142
3086
1
363
11
137
8
3
257
56
4
642
1
216
3200
36
9
8
31
3200
8
38
2149
0
5
48
1
5
5
21
132
517
38
9
162
7
3
98
12
3200
74
3
