460
24
93
2016
217
5
2144
71
45
10
2608
1282
28
169
260
1260
53
23
66
3
33
1
240
361
73
12
86
2
1
1400
930
20
1147
271
4
327
3
127
1589
597
67
1600
23
218
354
1000
800
4
632
3000
72
29
18
6
16
8
57
222
1
21
9
2164
116
39
1270
88
4
61
264
50
5
300
26
131
1619
3000
12
60
1
3200
238
3
501
1
31
181
13
1
2478
2
1
779
657
1
11
16
1
7
22
91
148
22
216
1
9
387
9
1489
1
3200
7
14
34
131
19
2
24
1
75
588
92
166
663
3194
966
117
38
6
102
3
863
6
68
200
60
1793
200
27
583
65
33
200
2
2
6
3
14
124
1600
192
2
1
241
2
77
3000
3200
21
9
7
33
329
9
478
2039
534
104
18
71
102
10
132
15
15
3
9
187
93
374
63
23
1227
1364
3200
8
20
518
11
24
4
200
11
855
77
18
309
2
3200
3200
59
2
1
2720
22
6
6
13
15
3159
19
6
80
216
39
159
2795
2
1
3
117
40
4
2
24
2
2
800
59
64
3
7
25
61
92
24
1
125
13
3
1249
18
4
287
4
177
291
8
3
60
456
11
822
3000
121
33
171
85
1
56
151
3199
110
975
2
407
76
1
477
14
4
2
487
3098
3194
4
4
2
163
1
310
165
320
85
27
292
357
11
34
1970
6
4
29
48
11
5
551
366
54
835
272
219
6
435
33
2084
7
738
145
27
20
3
96
4
14
1
339
36
1
2
26
94
6
2798
3086
10
71
16
166
11
376
113
10
4
34
1
56
2799
684
177
33
4
99
72
33
202
901
10
3199
200
5
1566
33
226
253
1
14
25
30
1
17
27
2
14
74
18
4
1
20
153
199
7
2
2
3
2400
2
209
36
44
3
17
118
17
12
211
1
265
1289
50
2
22
308
2
47
1
181
20
422
14
4
137
1
98
439
22
13
1
15
18
9
848
182
1036
2598
5
2799
1
55
60
35
1936
14
1787
3
6
12
783
4
992
3200
4
2
243
1953
3076
189
1131
980
41
1
1229
1776
2
2
94
1
4
54
1
1
240
3000
32
14
396
24
635
3
951
400
14
7
82
5
105
3200
4
3
386
1
244
4
27
41
1
442
280
3200
4
5
3
6
10
150
28
1
41
790
3
1
3200
3
4
37
1
23
3
1
15
155
631
34
2
71
42
1064
2
16
47
130
2
158
1
758
20
3198
5
3199
134
2
39
59
63
56
2192
13
1
355
1251
12
39
9
1
22
115
60
21
40
3
344
327
561
1315
649
6
1
1497
1
7
2600
3
7
2474
1000
1
15
12
4
61
49
341
71
43
220
10
57
4
3000
38
101
101
1
18
236
19
35
1
1
144
1961
2998
1
29
997
11
3013
3076
53
451
6
135
2
186
2920
3
3000
5
600
2
50
5
1224
19
76
7
281
1841
1
30
71
3000
32
1
168
5
164
81
7
3
91
584
9
3047
1
3
2
3
138
3200
538
507
5
2
6
46
3197
60
54
4
27
359
30
151
251
6
59
10
703
200
3000
53
95
2
101
11
99
1
2834
22
32
109
1
11
6
317
258
55
2
1200
35
24
123
2
3200
24
1
1067
2
29
2400
2
14
37
7
2760
9
3200
5
1
15
1479
46
3
1
2
94
352
20
43
5
36
114
91
4
14
13
35
1
6
26
4
363
290
28
314
10
3
42
533
228
10
66
3
15
5
1679
76
45
1052
89
27
64
720
4
1
7
23
1
3
36
2537
336
47
641
4
2
1800
108
742
10
51
69
6
4
104
2
7
240
49
32
1420
3200
611
11
290
20
2
1145
1
51
55
137
1
2
3
36
7
4
42
72
1
55
179
4
89
3191
149
172
115
29
1657
1
8
26
9
1
29
1
4
13
624
59
139
1
6
29
1720
15
21
96
105
1140
26
15
165
115
2
4
51
3
3
1334
8
413
3193
1
422
6
1
1
1493
394
207
2496
63
3036
219
3000
75
800
3
34
2132
5
24
1903
902
111
590
143
6
324
382
1
1
3
800
3
10
9
1636
1419
2
333
28
5
12
2236
3200
4
405
50
8
17
2
21
2
81
350
205
5
6
14
43
3199
36
6
1
51
6
118
66
3000
4
48
5
931
60
543
17
92
468
4
36
280
3
5
23
260
9
473
216
14
46
62
2255
2564
1432
1
1
4
1
2
9
297
1
449
126
6
6
32
3
3200
2997
6
195
3
1
411
26
157
1874
803
19
12
4
18
238
961
1100
1
110
3200
163
860
1879
16
602
4
208
4
3000
1
5
2
3000
51
83
48
10
2
717
2
59
399
64
463
100
73
1343
5
200
30
7
35
36
390
9
23
14
8
3200
6
1324
1
102
5
164
1
3
941
2598
1722
133
9
21
200
180
167
11
5
127
347
24
37
6
2
31
101
13
38
13
5
84
97
12
2
91
16
48
31
1
1139
175
8
722
70
13
18
27
6
25
15
53
22
3
359
53
6
3
1429
253
55
32
3200
63
79
3200
4
24
39
203
684
206
29
9
9
98
222
860
41
5
103
32
645
114
46
41
836
339
11
7
54
1
92
1
123
3199
113
238
2
64
360
1003
1000
2223
6
3199
1
93
6
14
1157
3000
8
483
460
3
17
10
605
2709
1959
19
179
805
797
261
7
32
44
260
4
103
5
146
14
6
818
798
4
25
304
1090
5
36
3200
1
724
131
836
873
13
2998
2
14
11
32
1
2
17
1245
1
442
888
147
5
284
1047
4
1464
200
70
2998
1416
39
70
15
2480
2
10
199
126
574
10
34
2411
12
1
1
133
1
978
96
2997
259
1
535
25
353
25
1060
3031
14
1888
23
241
46
29
3200
338
269
208
5
17
3190
1542
2
53
200
2999
134
1596
4
149
920
71
1
2
1
3200
1
44
3
53
2
11
107
1
17
117
1
708
3199
26
183
2800
317
168
184
320
30
2798
324
850
245
16
1714
513
13
70
90
15
521
1
3196
1
79
2
266
14
2
145
93
486
2358
205
53
26
60
85
198
2400
2323
4
4
338
20
1200
7
211
45
84
1268
7
98
580
10
77
880
11
45
13
4
708
30
108
38
12
1
2
2253
306
1
43
11
218
2200
3
600
83
3120
1
29
13
182
70
8
10
869
869
30
33
1615
27
2
1449
700
501
55
590
155
15
2
4
26
4
773
1
448
376
80
2518
1551
559
11
207
1868
1
226
2
205
6
2800
8
28
3
4
1277
43
201
13
88
39
5
474
3200
211
237
7
400
85
1127
13
10
3
25
7
244
1
16
73
51
688
70
2
10
382
429
905
1
18
390
48
317
98
8
10
29
3200
8
1073
173
1
76
103
530
16
1799
125
46
1
2510
27
17
3
180
16
70
1
126
204
5
279
23
107
1162
1634
3
10
2
33
20
200
20
79
154
3200
20
120
52
11
27
840
454
93
55
659
800
19
430
355
4
4
2
1
1824
15
23
1
5
1
428
24
81
17
914
1
191
317
222
3
27
1197
35
52
284
324
3
20
2
33
216
475
800
565
14
56
31
118
112
1367
432
30
3200
10
42
7
2
14
520
7
7
599
227
327
10
3197
1
8
1000
11
112
52
359
160
185
123
23
33
1
38
4
17
243
2
264
89
119
68
3000
122
159
371
1
65
27
92
6
167
370
22
21
400
11
163
170
32
15
198
19
276
11
17
18
532
3
11
14
722
322
435
21
51
8
58
2999
35
723
43
1
33
301
22
1
1
30
420
400
2
84
14
198
360
197
44
615
60
2202
280
6
2600
26
3200
179
131
34
18
112
27
385
6
9
224
58
613
3200
5
1
81
298
270
5
21
4
331
190
61
41
6
311
1497
34
3
33
46
2
57
350
20
370
1800
142
17
21
6
6
16
455
214
1419
12
1
8
15
191
3
1
5
431
7
19
179
15
6
3
10
87
2
78
6
140
581
21
47
64
803
71
709
41
114
11
48
12
305
1977
1
4
61
1341
6
5
3197
95
1
55
6
184
76
15
2
405
1
406
58
30
585
37
342
296
849
416
3000
202
2
2
1
563
28
422
3
107
8
1
1087
65
10
1
12
3
2
42
5
18
9
400
79
2
9
11
154
387
41
15
18
2595
19
10
46
10
26
200
913
30
21
453
10
1783
621
2
216
86
77
2
5
57
600
10
5
5
7
736
3
30
1
26
1200
3
8
3
44
1165
38
18
136
3199
45
619
178
67
200
21
853
3200
240
1
846
64
60
1983
196
3199
1159
7
41
2799
471
891
3
257
2
32
2800
24
1
1657
147
3200
228
1
20
221
161
2
33
7
25
2
72
988
53
66
75
632
5
10
4
192
417
11
8
27
301
40
1
2
20
14
58
638
68
37
47
7
127
34
3200
40
102
50
45
813
3
69
9
2
6
22
338
5
329
968
5
11
4
30
1
3200
7
148
16
2
8
400
18
18
413
4
57
25
5
3200
76
839
296
1196
7
19
40
685
33
2998
57
4
3
992
55
12
246
555
1
320
946
1
5
3200
11
2
1150
28
41
39
21
1008
8
415
9
1
10
46
553
1575
3
5
1440
279
602
5
82
298
9
43
162
2
1810
599
2272
1
1
1
24
254
2
14
2513
3199
121
604
11
15
102
41
2
169
42
61
107
2681
5
76
3200
55
9
6
5
245
385
7
4
657
70
200
6
303
5
14
400
3200
4
1187
67
1265
7
333
1051
437
630
64
13
286
2277
219
177
44
66
13
785
112
1371
30
1462
4
930
246
103
1642
288
87
100
13
123
9
32
2535
72
245
3000
2
486
14
1799
3
35
14
79
142
180
1051
1
2
1
1
363
150
19
2
454
4
2
4
12
103
855
11
8
1
16
3144
2800
101
32
6
327
20
1
3
316
183
53
144
5
467
1
216
8
9
5
1475
12
745
1056
23
854
22
1
4
1
1
32
6
19
2
6
83
31
8
1
1
79
1486
650
7
137
1
1
807
388
1121
1
1
10
67
183
395
3036
74
5
1293
30
7
10
2
77
44
87
3200
153
17
38
18
32
870
58
1186
3
9
42
292
914
7
48
71
270
1176
1
1
2203
192
7
1
39
2228
3200
3
19
3200
188
86
4
334
350
32
4
40
7
3075
238
11
2130
135
6
284
18
1
23
2
4
3200
15
5
1
4
92
46
15
1
63
907
7
249
16
2
1472
19
34
10
20
96
45
2
477
105
506
9
2
33
23
247
696
2
4
1
3
1193
845
113
1156
76
18
36
2
163
16
142
14
23
38
2818
47
26
143
85
3
291
436
142
2589
2
45
85
507
400
1
2
5
13
29
33
37
4
16
2999
5
34
294
3200
74
42
1
49
28
3200
50
3200
1
9
5
2000
678
475
497
1192
1689
17
20
2799
329
64
22
400
3199
955
14
210
22
1
16
2
11
95
2
48
6
7
4
36
3199
845
90
16
5
49
2
241
2589
281
5
2999
2
80
86
37
4
3199
2039
86
798
59
113
7
6
1861
722
3
3
110
2
10
3194
561
678
612
1
171
32
71
3
16
111
1835
12
3200
4
31
8
49
1
639
3
58
600
434
56
20
6
340
2382
219
4
101
646
4
100
1
50
5
23
36
1129
63
18
10
4
57
166
79
3
87
141
1
3197
2746
4
13
636
1678
1162
2000
1
200
243
118
220
128
1097
23
200
100
45
32
12
4
137
154
31
375
329
79
5
2
7
9
2
1049
4
389
214
3
1133
43
10
2051
255
570
14
9
3200
6
16
415
1
128
30
19
10
2194
509
7
25
3177
42
394
2
48
12
642
2016
225
8
43
12
600
4
13
24
107
28
2
41
3
2999
57
10
157
130
104
13
2
72
15
280
266
34
5
72
3198
14
40
69
5
1131
131
2998
355
3000
1
797
376
144
1512
189
2
2144
126
5
4
7
2200
2
1
6
65
2
1
18
1370
267
63
9
200
17
8
3
36
95
108
1517
234
1
659
1
176
9
1
41
260
23
1539
766
2598
67
30
657
17
1
21
2
5
360
3
375
324
612
669
459
1
74
135
23
400
24
314
675
106
2
52
140
74
131
10
101
2
41
107
1258
6
1850
17
12
7
2583
2403
2
279
88
265
14
9
140
93
1
13
342
57
1799
5
259
1
237
2262
1078
31
20
165
17
144
84
5
21
119
5
28
20
54
1082
152
247
65
451
479
200
5
5
116
8
146
24
274
44
29
29
96
1
137
18
117
13
107
133
7
681
3
5
161
2396
72
24
2142
3
157
55
35
401
155
104
225
42
360
22
423
18
31
3
290
17
34
3200
30
231
3
586
388
1
5
90
8
3
3200
62
1
2
109
1
2
22
670
64
1120
3022
539
20
1
9
4
690
8
18
210
3000
11
2
98
15
5
57
3169
23
76
71
324
1078
249
91
13
394
12
113
25
7
1
9
4
6
192
647
940
2
44
2349
3
7
169
117
102
1
21
3200
16
371
42
76
140
1
477
34
556
14
42
19
66
1
171
377
1125
1
284
32
1
638
22
607
1
824
83
34
138
301
38
3
282
6
800
394
16
15
158
1512
19
2238
5
35
3000
5
19
13
14
1432
579
114
1
230
406
329
5
83
6
68
158
14
83
2121
436
6
39
345
227
141
3196
1
155
7
1094
1632
3
5
13
20
2400
73
1
16
13
124
1
21
3
20
41
190
17
165
34
22
10
1
106
1
978
354
47
9
19
61
178
685
1213
67
88
129
169
2800
2
1086
2
884
11
939
687
18
28
2429
4
2415
38
12
72
22
26
52
302
1342
2
26
4
2043
541
2
750
3200
19
2399
1
373
11
881
36
5
3
178
22
98
546
523
12
63
296
185
189
28
186
3200
14
39
3200
1295
8
49
72
67
8
66
1696
95
103
47
9
1
1
11
1044
22
196
1060
7
1356
1014
8
109
15
216
356
100
1
1
46
1661
6
13
255
15
5
50
22
235
1193
36
3
1
2
86
208
53
1801
55
33
4
21
200
2800
3000
2
94
2623
8
12
50
2987
384
20
20
41
2196
9
138
240
83
32
46
9
6
540
2965
4
1091
278
328
628
1
12
4
3
200
27
10
196
290
3199
51
1373
1
240
24
400
2799
5
1406
2078
20
1
1
38
5
2
25
177
3200
4
71
2967
2
1
6
108
1225
8
1496
10
44
2800
204
982
3039
4
30
214
210
2
2
610
1553
343
4
3
47
719
7
143
1
120
4
1
1
1442
313
42
39
109
204
432
10
22
7
1
2488
71
69
6
138
61
2000
189
172
13
3
7
57
2
44
6
14
18
3
817
2000
23
1
1123
1496
3199
1871
8
600
188
15
48
2
571
164
66
18
34
20
1152
105
5
6
3200
112
2
9
31
84
101
3000
60
171
3200
2
1
2752
594
34
594
306
3
4
154
7
23
44
1400
277
1
331
136
3200
61
25
8
5
15
839
1442
154
54
16
200
34
841
371
7
22
571
113
1225
1
1
351
1
420
2
51
4
375
245
641
42
262
26
1
988
5
880
2416
9
63
179
2992
4
1117
111
8
39
139
332
964
7
2484
5
2397
2
596
1
3
341
239
704
168
1188
82
6
10
219
4
5
2195
6
15
61
312
4
302
3196
773
261
831
773
99
640
235
25
2
154
163
1
2800
2
2999
445
20
1
1
400
3
52
19
19
14
5
486
2
49
545
253
54
1
971
190
19
2800
10
5
2
5
7
933
66
1
54
575
16
333
2214
8
34
2
2999
2
22
200
3016
260
717
10
2800
483
1
16
372
38
19
1282
3200
1532
93
1
3
11
54
35
6
3
110
1
8
518
7
540
729
28
1
380
3
157
7
87
77
596
2
8
658
3
3188
3200
5
1725
367
1044
1400
3024
1400
34
3
40
352
797
7
2
1
390
335
4
3
12
230
1
253
5
1
5
1970
177
1
4
47
4
372
95
29
46
240
3000
1103
190
334
19
200
2
229
311
689
170
200
1371
5
7
48
105
19
3193
284
1
22
2
1
38
1
1
7
7
4
200
2883
5
35
1536
1495
9
68
2
216
280
79
16
39
165
4
227
14
413
1000
2718
46
82
85
439
242
52
56
2
82
77
15
236
360
236
49
3
74
1
3
1
20
3200
7
8
72
6
6
100
914
46
28
3
664
37
21
10
559
153
6
287
76
975
427
19
1
17
804
10
27
144
8
2950
663
2
33
6
1274
23
208
253
590
3
68
348
1
1
54
119
1
681
3200
27
16
29
10
3121
142
16
5
5
1388
2
2
238
52
1
10
6
13
6
3
12
2
19
1519
328
5
221
669
47
93
1000
89
619
74
226
56
2
787
165
9
30
24
7
8
9
559
26
6
191
3
101
78
12
2580
1
1025
2305
509
38
5
42
1
20
3195
9
1
77
1750
2
1
513
417
137
401
76
34
12
1
522
39
12
850
9
113
1
236
423
192
881
125
2463
81
1
1614
1
8
152
729
875
3200
3184
2
827
1719
1
840
3
239
922
1
6
10
2
5
467
1
1000
38
26
1953
1
2668
10
50
9
432
7
200
58
10
57
84
1
21
25
28
111
21
12
6
5
103
3200
452
79
2964
2799
182
77
69
32
2
1690
5
146
20
1
3191
5
2119
32
1
34
369
12
15
1
624
87
2
545
190
20
413
17
178
2800
8
10
4
14
14
27
18
543
98
64
5
115
23
752
1697
1
44
35
3
7
161
1392
38
30
232
24
1484
104
83
1323
1785
94
93
3
88
24
37
47
970
266
456
13
96
103
17
2718
108
3
387
45
3
3000
833
52
1200
36
3
9
40
309
1
6
3000
13
20
19
9
99
212
9
24
1046
325
1197
3200
12
17
38
378
212
490
65
365
30
187
366
4
969
13
47
489
126
10
78
69
45
77
21
566
2596
62
24
67
65
11
20
1
2
34
400
185
94
50
4
22
89
3199
5
22
4
54
28
17
4
2
165
7
1
1
685
2600
8
1
106
284
47
88
65
3059
17
2989
59
8
44
2480
219
1941
37
81
3
1674
15
6
172
21
209
315
40
75
1
22
1
2
29
16
1550
3195
1
3
118
12
4
85
1223
20
60
2
800
7
21
1191
47
67
2666
24
770
4
633
200
451
51
15
3000
68
1
67
2369
177
26
1020
1542
457
134
3
352
1
10
412
1305
2
208
3000
557
77
21
255
1
1
16
343
33
74
1585
1
38
188
103
695
380
1
70
134
36
791
534
10
121
113
846
90
207
3000
18
995
399
51
3
8
240
2
88
523
11
801
70
36
571
3
130
50
77
3178
148
18
859
100
109
3200
30
904
22
108
364
11
146
2998
25
540
3
79
13
24
27
9
14
66
81
326
27
47
60
140
3
113
2
41
1126
40
20
1027
240
20
19
50
5
14
115
24
1
73
2
48
1
27
3
3
6
8
13
1
32
10
1928
46
44
454
16
6
307
13
3
67
9
2
34
30
42
3199
45
22
5
2434
170
8
698
1
61
191
1
116
7
445
14
2
2
51
6
2000
6
30
97
20
1664
11
7
4
259
1
16
70
1
1269
10
7
17
203
1016
754
649
520
509
972
17
1033
186
39
2800
2642
2
48
114
2591
363
871
624
27
96
192
13
6
3
996
36
759
30
19
124
347
36
485
55
21
5
75
10
11
19
4
27
21
10
26
2
900
1
321
220
17
107
2
4
20
19
2212
198
6
11
90
13
10
3
31
1600
165
21
55
1
1422
40
28
268
2
23
8
692
400
29
146
300
742
17
28
35
1058
1
2
6
65
15
49
314
898
64
46
3
5
3048
27
1
8
270
3
734
55
51
36
967
6
10
23
140
1829
94
7
15
304
44
253
4
138
56
200
45
330
2600
410
277
6
12
33
1798
40
5
5
4
888
53
19
5
3
2
109
328
83
208
304
6
40
6
1996
37
1
24
198
290
13
32
47
23
11
2057
134
41
15
3200
32
2997
1151
1
20
1833
14
8
35
3200
9
69
1
54
26
525
3
4
247
212
17
1306
7
10
163
25
22
87
138
600
30
13
162
772
2
1459
2064
5
53
123
294
14
13
1800
25
3200
135
4
544
117
3
39
2
43
217
1350
3199
467
200
1
2
34
34
1
2867
1337
625
15
3000
27
1102
2641
3000
1
188
189
220
65
123
516
1685
347
42
3
34
80
227
354
4
3200
1371
24
1693
1
215
38
1
62
6
1222
58
1895
68
3200
45
1844
56
8
1186
138
7
6
3000
526
3
170
1
243
58
358
4
46
639
38
82
2399
6
132
4
571
595
815
4
43
34
70
241
294
12
2
5
312
243
63
4
534
3
7
324
4
1
68
185
329
8
42
3
14
3
362
1
38
115
15
1101
69
116
5
98
11
55
157
53
357
28
108
224
21
337
2
246
5
1643
30
3
982
1
3
2
227
438
68
5
2
341
3046
1862
2573
19
173
2
190
398
1
2
1716
6
2
626
3
1
86
405
76
54
13
820
36
237
150
11
366
14
19
518
6
59
1
2200
32
104
3
5
89
3198
731
187
128
703
247
1
104
11
9
8
713
1
10
1
8
91
49
2532
17
28
211
453
24
81
18
1
132
42
1235
436
42
13
60
24
268
17
84
23
16
1
17
103
455
4
1
4
3
1873
116
2
149
3000
658
654
12
6
3
55
551
12
14
130
11
212
3167
29
7
1
4
45
627
810
3
16
32
2799
2416
55
2
77
13
5
1708
44
1749
4
28
27
180
3188
854
1
520
78
10
2
29
17
3200
4
53
1288
822
260
1436
23
20
619
7
122
65
101
246
15
645
8
1
17
26
341
1
19
1
178
14
173
218
84
81
137
14
3193
23
65
1051
1432
31
94
67
1957
6
23
1
7
1
2400
54
159
143
66
6
19
2655
208
2797
1388
2480
3
63
651
28
76
800
1
4
83
66
48
401
138
276
153
3182
2
1888
142
912
130
2
169
43
598
1
130
7
951
1341
444
3200
2
14
600
452
858
400
34
176
3
194
7
38
67
19
13
7
3200
3200
1608
13
8
10
12
3
674
556
6
162
34
1000
10
31
29
2
25
1
114
10
48
122
167
7
359
5
1
1
35
49
206
1
130
26
17
5
293
730
8
1000
96
4
97
4
85
60
952
1
17
21
2
7
12
275
71
22
77
90
3200
6
3000
484
622
200
247
4
16
60
1597
200
11
62
43
2985
915
277
1
45
75
3
257
220
3
3
1
182
525
53
916
40
28
3200
79
17
126
72
989
8
206
18
82
53
213
5
100
82
93
1
1617
858
63
159
1
105
560
5
4
501
30
8
22
112
8
59
151
214
10
5
10
99
25
22
5
18
3198
2
7
77
40
73
43
45
2
165
2
802
10
1367
444
5
1
49
127
16
18
37
21
50
31
45
25
15
472
3200
3
22
1841
3
69
47
66
8
6
66
8
1
5
1
23
1588
9
7
36
2
10
1992
8
1
1
2
3
39
1
2516
6
200
4
11
18
597
8
1806
4
82
44
1031
786
239
1059
61
36
239
2690
182
9
937
5
1
2
34
3
43
90
8
130
1
53
2
2
224
1
3163
170
2
585
18
87
45
11
3150
3000
8
199
1144
23
276
395
879
951
9
62
15
355
277
39
196
190
78
7
213
3200
52
1
37
22
753
57
4
871
1250
1043
3
2800
200
50
49
459
1
3198
69
2976
418
302
1
9
600
2
9
4
6
154
5
44
119
450
3200
1384
3
471
8
6
183
3199
3
819
6
8
87
43
169
675
80
151
879
267
299
3
4
3
219
14
2473
2800
112
818
3200
1074
1253
58
528
1800
4
2792
58
231
54
1
400
103
66
2
56
301
5
3
9
2474
44
9
81
38
97
64
3038
2
1108
200
107
31
433
15
23
6
3
52
49
3200
9
1365
1380
112
30
84
3200
10
114
99
5
278
410
8
16
13
96
1643
30
620
142
2
1786
519
53
3200
14
26
2199
35
46
8
228
165
9
1304
315
96
13
3
47
159
115
3175
207
2
387
32
2
4
87
389
341
198
1029
9
1
23
45
200
5
4
218
12
3198
1
128
1475
10
33
200
5
22
1608
5
20
33
19
383
222
3
22
143
20
54
11
82
147
23
12
2503
3200
7
602
20
1
708
694
12
11
64
411
1216
1576
6
6
1
55
49
1289
3200
26
1132
102
1
937
19
1
5
22
26
527
2400
201
451
12
3000
1
32
7
6
5
3200
416
131
75
61
44
8
200
1
6
2968
30
60
46
89
28
6
637
301
126
1
13
2687
16
888
15
2
4
7
9
6
1090
3
62
1
6
320
1
307
9
499
54
229
6
2999
19
79
160
2
573
400
1
16
6
2904
426
2
75
999
3200
396
86
594
72
549
127
2
200
4
1195
38
509
1
6
1
194
39
974
5
11
6
740
1
60
422
74
3200
2
1200
2
36
3199
37
211
47
9
10
3200
727
52
8
318
200
17
25
10
532
1161
67
11
14
3
80
3
61
227
32
28
34
117
400
1
4
3
5
26
5
48
2147
224
62
870
16
6
110
1200
89
192
68
92
205
47
567
12
110
41
1246
79
1068
1
44
12
458
3
2
57
7
2
27
98
5
2
881
297
70
2339
16
401
59
5
115
249
3199
514
551
1014
1322
66
83
44
17
571
386
13
76
4
1
311
56
196
488
44
275
857
21
1
82
17
3074
502
4
184
3198
147
33
62
49
2800
390
27
7
3200
3200
3
7
3
67
1092
64
50
845
24
33
83
36
10
5
35
1
159
50
38
1200
2
113
522
15
62
27
600
5
2
30
3
8
1
275
1037
265
7
28
44
124
93
550
125
9
471
781
147
14
400
12
35
1
2
1
6
330
1
1200
1
4
16
7
2
1
1
42
117
235
1
519
5
4
200
25
39
28
3
644
504
42
32
25
2
1
1135
101
28
272
5
961
3
4
273
58
59
3200
59
1
159
1
3200
1186
45
1908
133
23
5
103
3200
3
88
22
2
1600
129
21
3200
5
96
1745
44
425
15
71
255
1690
20
260
669
1
4
3000
118
15
44
3200
66
269
417
291
800
27
62
32
259
14
2392
4
2936
66
481
232
1
31
52
851
1
375
750
19
3
849
8
378
88
182
5
9
58
55
21
36
7
6
1
17
2
2137
3
33
6
1
5
1740
142
3029
3
22
6
146
7
2
4
33
1
5
135
15
1335
3000
1
5
68
249
4
4
13
43
32
21
255
1
1
12
3200
632
8
64
5
57
359
4
14
39
454
81
224
10
11
31
12
29
9
17
4
286
361
7
7
2
4
638
4
600
37
1056
1
1881
37
24
74
3
19
599
1
77
121
1
19
281
204
3195
1
10
81
1
98
845
2
2561
177
71
46
50
4
510
723
3000
200
1422
995
48
5
16
5
8
18
43
17
38
2
1
207
29
222
800
15
1120
75
829
125
30
32
21
3
24
31
1626
3000
144
61
573
16
52
154
2325
1
12
1
6
17
9
245
200
115
1
1
781
87
3
5
200
661
3
1494
13
78
507
14
8
3000
196
45
5
2
4
5
23
339
5
4
209
35
483
586
48
430
1
69
10
8
5
2400
2
376
119
2
11
591
7
236
23
15
623
2371
1
6
7
187
1
298
10
2
9
40
32
138
22
33
98
256
7
5
456
611
13
200
1905
2
51
4
7
41
23
3
90
6
1
10
42
1883
31
67
13
3187
1331
6
18
2381
2
2
33
200
18
73
312
4
38
10
91
5
79
8
59
1
119
122
532
14
6
43
4
1
110
11
2800
251
692
29
312
61
400
218
912
389
56
32
196
138
330
5
57
51
8
3199
51
84
3000
84
1518
13
110
350
3198
4
20
72
2
92
6
19
7
38
2
290
211
200
36
69
29
5
3158
18
9
251
10
2174
4
4
7
14
7
294
3
196
19
288
7
7
652
3200
81
84
1
2
1797
24
15
2
1986
24
1260
53
643
3
24
8
25
215
17
13
3
3197
15
3
75
111
1556
3
8
2712
129
13
28
2
204
3
2
802
1
47
129
262
18
443
4
2053
3200
2246
1425
6
293
547
1536
1
1
600
560
62
9
1220
22
17
1
20
69
4
10
12
279
52
86
604
1
1
13
291
4
25
16
74
3
35
4
10
37
45
3
20
367
2
28
3
346
343
130
1261
2999
621
7
3
3
384
2
283
21
60
18
32
49
4
47
222
1
1021
4
455
1338
32
3
153
347
63
6
3200
77
33
31
2
516
1400
792
3196
29
18
4
1
2016
49
50
1
7
282
219
3060
88
65
4
831
2100
2
42
921
2
65
5
3200
2
3
12
3
10
6
337
108
22
2
2400
2
200
224
2996
60
14
78
2
90
3200
11
11
870
1255
549
9
200
138
1
658
195
3199
621
126
87
237
7
3
7
11
3200
2
1703
1731
5
72
961
138
161
220
1
1
287
540
170
1
3
4
44
2
8
2
3200
2587
1212
145
2
79
192
979
50
814
12
4
1215
1360
25
38
342
3188
42
2600
259
413
312
107
116
53
143
289
15
1745
2
6
18
40
110
323
12
13
1009
13
581
6
8
9
1
4
25
151
18
174
15
120
1543
1109
234
28
60
748
6
616
11
46
2
69
19
116
10
74
3
1
9
33
1067
196
9
468
28
718
318
8
3200
2
2200
178
55
192
3
61
297
1
3
78
32
161
3
44
1
37
87
6
212
1
225
1
8
26
3200
2
43
129
1356
567
814
97
1
31
32
23
1200
11
14
2999
909
191
70
486
64
6
4
16
2
2
13
8
37
14
84
6
91
4
8
1
3200
840
36
24
1510
200
4
22
200
89
870
10
82
446
23
17
2800
5
1
5
16
1664
2
22
2
1958
15
66
180
1
640
94
6
2
4
3185
1
1
678
71
73
4
121
14
77
2
48
376
9
531
150
913
4
20
3200
21
5
193
36
2
17
19
32
10
19
60
12
119
6
92
1
6
11
2838
4
150
55
18
49
1721
60
2
1
140
38
27
647
13
1
37
3186
478
3
12
1703
2
399
303
200
960
1
2
15
77
82
14
11
196
142
1590
4
5
38
616
702
3200
4
561
93
9
7
53
335
1076
1
27
882
148
85
72
6
22
29
377
29
1
6
15
6
31
349
153
845
22
68
46
363
20
18
52
1
1
108
3171
2
94
12
1215
118
19
16
448
1
163
8
3
268
1
264
15
26
410
32
5
3200
26
214
25
18
42
1243
81
802
12
1
16
10
19
3000
19
414
3000
1066
5
28
191
280
7
8
66
2
339
60
5
8
34
200
9
146
29
1339
1
17
3
1
521
6
8
1660
13
1218
27
143
264
215
11
1
1
12
5
504
10
2
72
129
4
2
22
44
25
20
133
1
13
2
385
105
280
2998
401
3199
1
2791
72
7
33
1
1
12
2053
534
1271
5
1953
1002
4
5
19
45
153
18
1
200
27
332
200
55
542
4
2
8
800
33
328
9
949
10
3
3200
2400
1
7
208
130
20
47
8
1420
19
1444
181
847
173
124
315
13
1
19
49
1
1293
102
1263
57
7
2998
1
24
6
116
1
1
315
12
2
2
4
8
72
11
23
121
67
10
30
2998
105
2000
7
1
28
314
1
1800
3
88
3200
2
26
9
381
25
70
3
800
1351
1
351
2
19
317
1615
3199
30
2
63
444
1118
484
168
255
76
5
290
3
25
12
14
91
2919
18
10
26
7
4
22
281
3
1
4
1043
1782
28
240
2199
53
12
186
3200
64
3
55
1996
215
224
197
21
329
929
4
2
11
198
64
18
10
1759
11
59
21
55
44
183
76
133
18
9
19
114
62
118
41
201
3
51
13
8
1
800
7
699
1195
19
19
160
219
20
36
130
4
1
1
2
27
1665
31
101
200
5
561
24
2592
1
50
627
143
1
600
20
56
2
329
178
10
49
31
72
70
349
179
317
343
1736
188
320
13
284
20
27
205
56
49
24
3199
1
1
35
100
400
37
238
1053
10
520
3
2
600
170
12
200
39
12
2
321
2967
75
1854
35
3
32
62
840
16
637
28
384
23
30
664
2200
1445
72
18
3200
9
1
1
3
33
9
34
2
2
2336
181
31
266
3
43
65
2800
165
270
35
243
743
208
8
14
1
9
209
4
2
29
200
843
11
211
12
14
1014
16
5
47
212
1
131
22
10
3200
1
30
1
93
6
79
133
44
688
270
200
881
3
14
25
2179
642
4
858
11
84
2872
18
82
48
3
1
3
804
60
362
1
41
14
2464
4
262
4
10
36
177
1800
1189
2
1451
3200
5
15
62
3200
2
585
4
9
4
2000
2
652
386
41
10
604
800
9
535
1
444
7
188
1
1073
1
742
118
472
2
3
612
2
68
13
285
1859
43
15
141
5
28
56
3200
350
22
3200
7
80
2
107
1515
425
1
3
15
59
55
2
2996
1
39
3
588
3
2600
297
500
5
57
44
394
70
31
32
189
313
22
40
200
272
38
6
168
2
18
1
11
220
6
8
2
965
38
11
2
527
36
63
31
4
3
216
354
1200
115
102
2992
4
11
74
64
78
115
396
5
912
66
73
25
1
1291
691
706
33
98
65
2
4
1
1338
200
3
3
5
9
1417
11
61
116
89
6
114
283
289
64
14
18
2026
151
190
2600
484
92
20
136
1270
277
558
3
3
3000
170
103
414
9
120
843
127
760
2234
122
2236
28
4
46
1
2
2437
67
5
19
28
23
479
52
4
16
1
4
17
4
3200
202
27
4
1
43
3
232
96
184
1
21
2
83
133
200
4
22
2044
421
76
38
166
6
469
2
1
268
29
1724
167
4
17
174
3
5
42
93
178
441
914
1000
3
66
1
51
81
12
135
151
222
12
8
946
78
50
9
3
9
174
1
95
1966
4
17
15
90
11
14
131
359
2200
4
3
33
691
7
86
229
96
6
26
1
207
15
8
14
484
1
3200
3
17
2800
1
50
1042
44
6
2
2
229
200
3200
89
1
1347
46
873
1
1982
35
419
5
15
2600
92
212
31
59
203
760
76
11
38
13
82
3
22
122
2082
1
19
2204
34
10
63
23
143
44
12
141
4
36
1
1826
2
11
513
1333
506
3200
42
2024
1286
171
23
6
248
261
3199
9
1
3
121
3
17
204
45
554
1299
1
76
27
294
679
856
6
264
1
6
6
52
71
5
2
422
8
3
209
8
264
92
1
745
446
142
3055
1
136
1
15
309
5
279
1
87
71
3197
6
3
46
200
128
9
18
1356
3
17
418
43
9
48
9
43
11
1109
1479
9
1
236
103
30
24
55
17
3
4
259
1320
425
51
1000
1493
362
1
109
1077
71
13
7
320
442
10
11
7
16
7
23
3200
1232
59
36
27
667
23
3065
174
2279
151
3
6
33
25
3200
19
568
1
569
1
648
16
85
2812
46
5
3200
1
24
600
77
17
1489
131
38
51
50
180
712
3137
38
25
263
1373
78
42
1060
2
5
20
2321
2
4
1
2
1
3200
79
1
422
8
1
29
21
2
1653
313
1
1574
188
1
1
492
118
16
2524
5
2708
2614
9
32
79
3191
60
747
33
12
93
66
1989
232
61
1132
21
131
9
11
1
97
4
74
87
400
20
3200
14
72
3
70
17
3
340
34
5
24
13
242
1146
242
1
1
3
541
515
1
6
151
83
3
3200
16
73
2436
85
5
34
3000
12
400
4
2
4
1
37
59
47
7
804
9
14
21
332
4
19
11
12
45
843
3
261
37
501
257
69
433
4
4
4
91
62
2
54
1
1
156
613
797
1119
2
2
858
815
32
20
30
692
44
270
1309
37
77
2163
3
122
107
11
3
200
9
246
580
2
1
70
264
1
24
3200
9
13
31
20
1
6
2
10
7
4
233
108
4
57
1229
99
370
1
246
665
38
1
16
269
600
301
11
560
9
420
179
399
7
21
3
8
18
3199
1
31
27
23
1286
1
2
2
10
3198
7
4
20
728
559
14
30
68
238
1129
1558
14
23
446
35
245
138
14
1771
18
320
6
2
134
2
4
472
1
7
8
1
3198
1
614
143
11
5
5
3200
32
3199
1
7
3
146
811
10
1
430
165
3195
492
6
132
119
2598
19
797
820
1
162
36
470
3156
4
27
2
1768
45
3
290
58
5
1494
149
16
2
5
1599
302
586
3000
206
3
23
71
286
1000
6
813
2478
14
15
75
185
14
20
8
1
35
5
157
709
1686
33
504
62
9
28
152
1
57
602
286
51
521
176
112
4
5
57
43
2
50
10
49
818
5
499
23
9
1223
3198
6
200
353
7
25
84
210
24
1
1125
3000
3200
37
3200
2
25
59
2
291
1
2
34
36
41
92
11
627
21
3
616
45
2
5
1976
10
16
390
3199
6
2800
37
36
16
2
1
4
2
16
1
4
4
79
1
57
8
800
34
2996
144
200
56
58
31
5
307
46
9
101
63
1255
50
1
1
56
54
1
2
1240
19
259
14
1288
1032
3200
3
24
756
1271
3198
16
1
5
2
3
116
7
31
39
4
73
302
3200
24
26
2
497
36
1
2
211
497
34
2
5
800
137
370
45
1512
5
837
4
235
21
56
4
2
1
1
440
1421
150
77
1
5
267
21
33
1
1220
72
253
11
191
36
69
8
13
44
1
1
4
49
140
30
194
22
1728
92
349
2
2
15
4
6
1
1
16
59
111
7
204
1279
48
2
434
192
4
92
3
1
3200
15
28
19
119
304
247
65
15
6
26
192
2
55
16
694
18
199
496
1002
3200
473
361
5
1
40
94
3
1287
1
5
9
1
1294
1406
5
9
26
6
446
1308
2273
147
292
12
54
258
1341
2
28
21
519
5
20
492
109
471
13
1777
510
6
3
763
403
1752
35
2599
15
1
4
4
16
23
436
4
1961
46
2467
2
11
7
1
9
10
2991
8
50
1
29
72
43
3172
694
127
18
20
15
60
47
4
2
70
11
11
191
108
6
105
8
33
29
15
182
1
276
1
1199
1
2
111
400
3
400
1553
163
1086
104
1
3200
265
2744
114
6
188
43
832
125
531
122
194
2
40
4
96
190
246
3192
74
150
5
27
11
2
1
313
54
1
200
1070
555
343
9
2124
217
2400
302
1199
193
2
195
298
466
8
1
873
16
67
30
4
57
374
450
81
71
20
1
2828
65
47
4
2542
3
135
85
6
2782
99
19
50
327
200
329
18
2999
19
3138
24
3200
2364
2800
1020
23
206
490
167
720
685
3000
19
1004
95
19
811
3200
980
39
26
2400
14
35
5
491
157
8
12
98
9
3
10
5
2
2
146
756
181
1
9
4
5
5
678
7
8
56
145
361
69
24
1873
3200
16
165
2086
2800
1
185
2725
1
274
30
510
9
12
100
1
250
13
149
311
772
89
16
13
230
16
2
117
5
18
3
1272
596
52
391
130
15
157
2057
8
1
20
2
39
128
13
1266
77
102
13
34
162
331
151
481
20
1
3
1
200
716
104
632
223
3
199
3200
3
1
81
671
12
9
1629
3200
156
44
15
714
1
16
29
7
2
7
1
115
380
2522
1380
73
83
48
1383
1626
3139
7
3199
945
922
3
4
6
1
19
57
356
235
2126
1818
52
4
16
4
43
460
1249
13
30
111
462
1193
4
130
471
37
56
155
223
25
38
31
196
3
2187
1
27
3200
3
9
2
120
744
4
2
47
67
1
192
35
3190
12
21
3195
3
1
808
74
1349
205
52
4
5
6
452
18
2552
29
155
1
23
204
132
20
118
9
67
106
21
20
29
65
8
357
332
45
22
10
78
1
20
164
122
283
67
1
3
5
699
633
115
61
22
1155
75
3200
3
533
1005
93
400
3199
1599
2
1236
11
3200
52
22
63
110
600
7
28
1
3200
9
3200
1
252
9
988
199
20
284
1293
174
12
204
1
1
440
309
2684
136
4
246
311
1033
28
109
19
572
1458
3200
58
683
691
1185
718
152
302
10
58
43
2
352
131
59
221
57
13
1442
2
34
1007
42
27
29
53
2182
13
1
35
118
160
18
1
124
45
203
51
17
4
2
21
5
1
4
2624
142
34
1251
3
3
2
23
117
3
197
4
2
7
577
26
1
1306
1
296
2
1
200
160
49
68
117
22
128
2
250
767
1
45
91
9
109
35
328
3
508
622
71
1
43
1
74
11
3000
99
1
22
919
438
147
88
49
1
4
2
1408
50
19
4
1
23
3
1
7
16
14
342
709
1222
4
57
246
349
49
1
22
11
3
4
6
6
78
2
2
48
1
821
1
68
937
7
141
1957
28
153
7
684
154
626
2
54
8
676
408
31
16
3
64
1409
296
4
852
47
400
310
21
155
9
1
1566
7
29
38
2676
18
3200
838
115
2
53
5
11
10
7
12
94
2
2
8
112
46
2808
204
170
2798
1
1559
1
52
4
13
15
29
4
3191
800
23
229
25
18
254
20
42
1
4
9
1
34
5
1
2697
887
46
1383
826
2604
318
357
16
160
184
257
2234
116
837
17
3
3
144
1057
2321
24
3197
169
3
10
18
13
2
100
35
164
5
18
325
371
287
82
1
413
12
95
15
707
1
377
5
1
5
448
1
162
138
5
3
4
586
2
17
20
86
1
600
2958
4
11
580
2
236
1
28
4
29
237
80
132
5
130
8
3200
120
22
64
71
2572
62
331
59
85
200
39
200
6
166
87
5
20
69
20
49
33
1
1226
3
2349
505
765
210
1010
1000
3
376
19
3200
9
156
68
1143
61
18
113
6
51
512
40
118
10
137
27
33
4
1032
11
375
354
63
399
6
3
92
29
203
2237
2800
42
188
82
2
31
4
2
4
74
13
7
3
3
3200
2
15
3179
3199
100
2
177
220
42
76
17
17
318
34
97
864
29
55
188
5
285
4
181
4
1
15
4
862
59
24
21
1608
128
152
2
4
267
32
3
136
57
3
1259
2114
552
6
692
3196
1
1800
4
6
103
1513
2943
7
1
200
33
10
2
61
26
30
12
6
119
1
3200
43
1411
234
38
211
400
13
4
207
638
5
31
7
400
31
273
47
100
2273
200
8
1
15
2
75
356
678
125
3
67
3200
2138
1
1
47
465
3
16
267
955
785
15
6
491
2379
2
2
3
532
890
26
50
12
375
96
203
198
1100
287
58
380
88
1
3199
1
2345
6
2786
2800
204
800
1
1
576
2306
9
160
32
25
40
16
29
140
12
23
171
13
102
205
1
957
15
2
2588
11
3
303
3
765
2
200
14
1071
256
4
373
3199
42
2
2
2
10
721
246
1
25
2993
14
2
229
99
3200
205
11
237
19
328
15
10
15
61
304
3
4
1
31
1817
15
1
857
55
3
2800
255
4
34
3
696
200
8
77
871
408
359
90
10
1
1776
2
1
2400
3
2284
898
4
736
2
73
36
72
7
498
647
7
11
163
7
5
5
6
27
29
7
600
43
467
105
5
3193
76
64
87
146
1046
1
33
2600
25
224
204
2
597
80
2200
9
149
27
9
44
3
26
1442
2
547
101
223
88
4
655
374
2
1149
202
46
41
6
1
21
600
1
19
1090
36
1614
175
12
17
10
19
65
11
13
3
41
3
6
87
17
792
1400
17
12
34
117
2600
155
410
883
8
91
79
6
100
1
6
24
646
1926
10
191
1121
40
6
1
12
32
555
73
48
204
3199
28
7
883
3200
3200
2
3
6
134
34
828
70
17
1026
159
60
4
4
4
3
30
39
14
12
7
14
2
3
6
2991
1
1000
105
267
86
3200
12
164
18
14
2
157
8
9
2
3
28
1
3200
600
5
1
4
23
225
17
245
515
2
600
3
237
11
86
2
153
1
38
754
2
39
370
1473
34
2
1251
1
120
94
10
5
53
3
23
46
80
7
823
672
51
10
117
1305
43
94
3200
867
1
60
7
1
98
21
12
11
53
2
3
31
5
372
214
3
19
1274
228
1
600
11
238
213
3
96
772
3
178
12
66
9
3196
17
405
4
29
9
2191
47
765
4
2
1
107
316
142
218
78
513
400
1125
28
216
39
97
365
643
91
4
1
30
3200
54
1
60
2
43
71
109
1524
2600
200
3
329
1
1128
1
1185
109
149
7
120
1
1
3
67
380
153
3198
156
249
118
3
19
459
82
52
51
5
480
1663
39
3
600
204
66
15
103
41
557
2800
17
3200
2
112
118
123
75
361
379
84
106
167
1555
321
12
34
40
6
33
2
129
26
15
4
222
200
6
125
2
223
116
136
493
51
17
77
8
6
28
303
1
799
35
52
144
2
189
24
3200
233
1885
17
1153
3
28
13
83
1263
250
2209
14
73
104
43
16
4
17
71
118
10
694
3
66
3
1337
31
1
292
10
8
126
222
709
16
865
2775
8
1
2
256
326
31
3
329
13
7
1
53
11
2057
1680
272
35
1
1
4
31
1066
83
9
15
103
7
64
12
469
690
14
22
64
24
19
2
111
23
286
83
572
2261
2
5
250
977
24
24
13
30
26
137
87
3200
34
1
79
3000
169
2800
66
37
50
71
21
67
32
3200
595
3
117
2331
600
3200
691
258
128
83
993
190
3
1
80
159
77
74
230
1433
1
1
307
5
147
1798
3198
39
1
2018
1
2
71
137
109
116
1
14
48
5
1572
816
203
46
1627
1
621
2
25
168
340
31
19
17
400
187
5
134
39
459
455
484
46
1324
208
3
42
1
3200
1
104
396
3200
2
11
7
400
754
5
105
244
638
707
684
2800
398
20
5
113
374
2
4
108
36
3200
3
12
1
202
12
47
475
1061
347
1
58
1
57
27
27
39
2
19
4
102
144
845
19
38
11
4
283
137
1299
1
2
3
10
1733
1800
2056
49
3195
4
1
15
13
188
200
248
3199
36
636
5
159
1172
25
3200
2
6
3
50
13
185
10
1599
948
17
37
73
9
12
37
10
4
58
134
58
315
2
30
26
6
13
24
22
2
5
2
2777
13
2
89
16
208
35
31
9
2991
4
26
64
47
4
41
485
184
7
2324
102
4
1
1
5
7
3192
10
7
1
6
1400
200
2600
1
2
34
3200
82
60
6
2800
76
2
9
1
147
7
2
4
298
52
101
960
3000
32
729
3199
158
61
42
2440
311
5
16
233
1
7
204
90
104
4
3
290
13
13
25
1086
26
5
313
3
1
439
39
6
37
70
17
3
73
404
3200
2
1666
69
1643
163
172
79
143
87
327
8
16
93
1
2325
8
128
1441
22
4
12
10
1
1520
4
165
53
24
200
2471
4
2
13
6
12
3
8
516
3199
2
3
106
1
591
86
8
200
2
11
131
3200
16
12
339
14
171
165
400
115
2
180
9
180
18
4
32
1
5
7
3000
302
7
28
27
1
1
19
17
2544
6
9
2
25
3
3200
17
168
204
353
57
23
350
4
61
36
32
14
343
1
42
11
16
1
246
92
4
2
2464
15
2
677
67
1
22
2600
40
1138
57
263
1
7
4
4
6
76
1
600
466
5
4
1
3200
8
602
41
15
34
20
7
1297
65
6
870
303
3000
400
708
26
10
40
4
5
1050
2
1
11
67
1
44
15
28
9
4
36
38
24
2
366
1
361
388
256
439
20
3000
51
122
54
10
78
2989
52
43
1285
72
2
50
13
655
4
208
1
83
205
357
730
1
2
10
74
4
682
287
1
1
311
41
3199
601
200
2
28
2198
9
1604
1
12
200
11
47
35
698
22
106
113
49
60
82
173
2
1
2592
40
52
5
1
1
64
682
1
1
39
601
592
3
29
8
153
197
2220
83
560
2
48
291
840
38
120
7
230
1
5
1
1000
2
198
200
25
3
123
178
14
2200
266
13
14
1033
297
53
27
3
57
1415
2
11
9
6
90
62
23
237
3199
3
14
1
4
2
24
18
32
74
7
85
150
16
10
207
135
20
1
23
3173
10
30
874
1
629
23
268
4
1
9
43
4
13
18
3199
2
2
10
3199
34
3
247
2
3200
340
13
1015
12
12
82
18
1369
1
400
51
150
1
34
11
68
5
3
22
229
77
5
101
5
8
658
132
55
734
35
6
8
6
1
1
484
173
300
553
293
11
1562
7
1
17
1
3
512
10
2824
16
14
148
75
196
26
20
73
1781
3200
1467
83
582
9
1
797
28
15
72
3
1
614
193
27
16
7
3
462
18
20
590
539
4
105
408
12
352
944
26
223
15
205
1
279
33
244
277
148
1
711
2
4
2
40
5
5
821
38
1031
93
111
86
62
2988
8
124
3
1896
5
2
12
3200
4
30
27
43
6
265
4
343
206
4
3200
37
10
1227
155
25
3
45
135
89
962
241
1
1
3200
37
21
26
2
50
2
1
385
178
17
14
278
536
17
87
3
2
310
1
611
72
200
2
47
192
12
328
11
931
425
89
8
189
179
1
231
114
3200
2800
72
4
157
5
55
4
2870
15
1
177
202
1
177
1058
279
54
1
833
4
93
1
565
1369
25
80
12
291
52
293
1172
30
266
21
1
114
119
3
9
2
21
1
25
3186
3198
28
837
25
401
74
1089
128
2
8
519
5
24
104
157
20
3
3200
139
75
2
99
8
15
78
1
2482
47
23
689
13
872
1139
600
184
2
6
4
1
3199
66
7
765
487
44
111
97
122
285
35
1
362
3
3195
7
419
1
3
56
400
1775
1
47
317
551
2
29
61
12
2
19
66
89
1
2278
118
3
1262
819
885
1406
1922
130
1367
1
63
3196
1400
398
1069
1841
16
17
2
5
400
2323
3000
319
3
653
14
35
1566
722
2
5
400
66
112
1
43
4
233
600
3200
200
271
2
63
549
27
77
775
21
600
200
4
23
10
1
400
51
10
915
9
15
242
34
598
25
16
2
65
95
615
5
1323
1
6
62
44
43
20
1
91
3
1460
313
4
10
24
400
2075
3200
15
498
11
1
69
77
77
293
939
6
2564
5
290
77
1118
673
23
11
18
1056
9
102
11
20
136
73
34
15
69
302
38
46
28
85
6
1634
355
48
89
185
3198
1
1
6
120
183
406
56
3
2
1517
171
16
1817
173
1
1268
2870
1
12
95
1
12
134
11
15
2
2
6
301
96
85
1
8
15
7
136
2
3200
1
8
175
42
233
552
2
7
198
147
46
69
49
136
100
1
17
19
116
23
539
54
389
1173
37
32
24
40
1069
8
5
3
3
16
667
87
127
75
3200
21
3
20
8
2000
14
3
2999
30
200
210
38
354
11
13
292
366
66
17
6
69
11
162
578
33
4
686
73
3182
1403
648
1590
1
1
25
14
2999
17
5
99
93
2
1
9
122
128
54
22
142
12
2200
44
29
122
108
21
44
10
6
5
1
19
22
48
52
94
1178
164
1394
1
103
17
48
178
13
1
5
11
237
100
200
3000
25
243
1795
962
97
2
11
148
13
221
2
13
965
23
42
5
4
66
2
668
1
18
34
7
56
247
1365
1200
5
18
13
41
2999
42
1
3198
56
710
2759
8
11
7
1
3200
1000
5
3000
1376
1020
26
108
657
449
193
25
570
51
1884
27
1
3
7
8
3200
2774
2
216
2898
2133
2998
596
12
18
107
25
1434
174
2
57
286
66
2
1861
82
31
1
55
6
2
72
5
195
691
5
114
22
3
579
15
86
1774
2
11
912
59
230
4
51
40
2
1
10
67
29
42
3099
21
36
127
34
577
13
114
5
706
162
24
50
76
2
860
3
220
11
65
8
1377
7
1
8
23
349
123
53
5
22
1
8
27
1382
260
1331
695
8
151
119
1
33
108
58
16
400
169
13
60
609
127
2
38
63
1
1252
400
2
9
85
2
8
7
2032
8
3200
318
111
63
1
180
200
98
33
40
69
18
93
27
25
275
113
373
1
78
1
1
72
92
253
2800
3
200
1
1449
4
4
104
436
14
459
29
3200
2
5
3200
196
11
24
29
30
1000
3
1
86
42
52
7
515
532
309
84
2195
6
321
275
88
51
80
2994
5
3
963
2
41
77
48
21
14
3
107
9
56
3200
3193
400
58
19
17
12
43
8
3197
65
6
178
97
1
7
3000
344
1
365
54
6
2231
805
51
16
39
27
2
16
111
463
17
97
24
504
382
193
206
1
280
2
726
400
1
1510
3
2
8
3
1020
6
146
2525
1600
1
1
162
1743
964
400
1449
343
654
14
43
158
4
192
1
400
284
113
3196
252
1
50
1155
63
27
2661
105
84
83
4
106
3
95
1
18
12
2
14
1
34
8
9
1249
2
3200
909
124
1
1
17
31
400
173
53
12
1
381
25
1678
483
57
1
92
21
400
2416
262
4
1352
571
3200
4
25
20
6
26
34
695
10
352
3200
10
241
69
19
32
740
242
3200
20
1044
2
799
1
685
21
1
1
20
34
340
14
5
23
50
269
2275
46
6
980
34
302
571
1960
57
6
1
24
1
1
52
1
27
1
289
6
84
4
12
115
62
11
10
6
112
27
2266
28
44
188
35
6
4
5
1057
118
19
179
226
1
83
3200
9
501
3
207
973
8
2
6
16
50
3000
2407
165
2800
48
412
689
3200
37
28
544
863
3
34
82
41
229
4
9
20
29
391
348
184
2
2242
1
1
80
874
2170
80
444
400
79
12
2
1305
70
5
400
204
35
40
8
33
26
25
237
16
259
2800
23
1
359
8
16
30
200
30
193
5
310
2
355
10
154
425
1130
3194
12
1598
24
9
721
4
58
184
8
1800
40
3000
1
1
1
173
14
4
3200
215
18
2
12
972
1
24
2366
13
2998
370
97
139
7
364
588
3200
400
25
568
564
2800
53
124
158
468
117
13
6
2299
458
15
2600
400
26
172
175
38
655
37
121
1
81
6
30
15
105
5
4
78
1
159
3
95
259
2
5
79
283
42
212
884
4
78
7
136
42
1
1
2995
95
21
4
28
1000
113
737
84
1166
33
1
494
8
30
232
15
4
1555
283
289
15
52
2800
1
111
24
19
46
17
1614
3
414
1068
1200
41
59
711
11
3
2600
797
2
16
27
11
572
7
4
59
86
90
2
17
12
2
80
2009
277
1884
10
3
16
498
400
202
19
135
3
3200
6
2194
29
378
31
2
7
84
1
825
400
63
103
27
10
2
2518
641
1166
22
15
1032
1
101
1613
410
3197
1047
47
79
168
301
1070
35
204
119
99
600
4
101
3200
89
5
5
6
33
2541
36
37
671
277
36
47
1140
2599
5
1
5
1
6
23
3
4
3
5
106
600
83
228
7
90
213
220
316
3
80
19
22
9
309
74
3
700
7
134
15
9
923
67
127
309
36
200
8
1
1334
1
84
17
167
40
1697
324
25
668
9
25
493
89
8
201
157
6
553
1040
35
3143
2
191
4
5
47
40
1113
3
248
3
31
2
105
849
390
175
16
171
3200
3
14
13
23
28
7
1
975
6
17
740
104
200
310
41
3
6
23
1076
50
24
146
25
140
23
1
19
53
793
1
24
688
254
3199
1728
600
62
2
4
28
600
565
90
43
12
22
3150
8
1
1492
38
2800
7
5
28
16
22
69
3200
31
57
1
333
13
1101
600
1210
16
65
578
728
13
518
27
10
18
13
66
89
2600
205
29
34
2344
107
1576
2
2554
10
9
10
285
12
157
9
13
219
324
2
12
7
15
765
227
13
1
2
41
3
15
175
200
1
4
4
16
2800
34
935
48
341
5
400
1
3198
36
404
1126
25
21
6
20
107
513
576
101
179
6
63
44
80
46
550
6
641
2329
326
421
38
7
12
3200
4
46
621
17
1550
301
104
2
78
174
2
2
15
205
88
49
18
39
152
60
2
2999
966
907
1
53
204
6
8
37
15
13
265
78
491
13
5
2
2995
2165
3
3
4
295
126
63
131
4
21
931
21
5
116
1310
15
3
140
1
52
3
4
12
24
243
2718
421
164
5
2998
260
3
182
1798
7
14
482
17
214
51
18
1756
2
994
1533
2
107
329
29
875
34
186
20
6
27
33
2
12
1
826
125
1
3
89
87
400
88
139
139
8
1
51
110
3198
1
1
50
50
51
82
3200
1435
90
87
14
823
19
687
60
21
98
16
2556
1256
97
14
20
38
6
3200
70
535
104
58
48
35
7
977
191
9
2
255
68
170
84
170
575
1
6
46
26
51
5
4
150
8
56
9
16
1102
2973
45
10
80
4
9
1046
620
7
94
88
4
5
5
128
48
1
23
46
3
50
1181
3
296
48
34
204
41
8
28
39
3200
117
22
12
21
2800
1339
17
3
1
12
2
55
10
3
200
21
1
2
30
23
98
7
528
7
16
3000
414
16
2
600
53
3
18
1
3
65
342
1616
38
40
269
192
11
354
2
58
171
10
7
178
1
4
2800
1246
11
100
886
25
2
60
54
216
1
28
122
19
36
23
9
375
1
3198
1506
194
817
8
74
571
73
9
1379
1
83
84
15
3200
9
5
2800
9
3
1230
12
79
6
3198
130
13
15
1386
78
7
10
291
8
70
39
17
1115
382
78
433
10
1898
145
46
14
33
10
113
2
7
1
66
14
37
6
200
224
41
22
137
1686
254
16
950
88
338
204
6
1
105
8
2072
86
41
1
6
1
92
381
57
3
60
842
236
135
149
22
101
12
88
1
712
15
262
16
215
399
187
12
4
21
10
1064
552
80
23
1
291
36
38
41
6
1340
134
24
22
216
478
42
1
3
79
10
22
2
11
20
220
1
4
32
1
1
26
3
236
9
14
13
21
7
1
67
9
600
33
55
676
7
39
278
244
1439
25
2
29
45
1
326
33
5
12
75
10
84
15
105
2619
2983
91
577
284
13
12
600
53
4
3194
15
137
1
56
106
68
805
24
2200
78
204
322
55
54
3
9
300
32
357
10
322
69
2
9
29
18
57
8
31
1
1858
463
3200
97
3
6
7
414
4
30
350
2554
3
1
11
1
2376
21
400
3
4
22
1
274
1799
123
2198
1879
50
18
16
26
2017
5
53
6
1
297
3200
8
23
58
126
24
22
1421
8
3200
38
4
4
43
5
74
269
2725
1785
1
8
1
66
41
616
1
4
258
4
459
15
79
1
11
8
31
54
5
3199
22
106
892
20
556
593
604
145
2
850
3156
2423
961
1
820
14
3200
45
2
248
5
5
79
24
312
940
47
118
19
43
181
2
108
4
4
1
92
191
1048
2440
4
2
9
11
2285
1679
16
190
24
26
19
1
2999
29
2
628
51
10
3072
2
527
9
44
261
20
1
22
32
1
15
7
320
58
219
3
16
29
101
402
1
1197
578
2349
42
1
4
324
3
73
14
852
384
43
669
144
220
87
1
156
5
53
8
1
34
1056
2742
11
564
1083
165
14
8
6
4
42
37
694
369
439
1000
3139
393
1582
10
9
218
1
93
3
4
930
7
669
39
29
76
763
17
776
36
1
29
19
1516
14
62
12
1150
5
1364
142
996
252
4
21
26
58
1
7
66
1793
3
162
17
3
1936
294
367
3
12
3
1
394
38
1
944
67
192
365
3200
959
50
3
17
699
45
92
14
1186
10
7
46
3
125
4
8
291
14
1162
485
118
1
184
20
10
13
61
102
281
8
596
25
1449
33
134
4
400
16
2077
383
12
6
1012
6
352
3027
1
125
2
179
107
5
151
274
1
24
1
6
1
35
94
3200
2
293
755
241
70
222
21
93
1
45
9
304
1
3
317
3195
881
5
5
289
2
1355
8
2999
6
56
31
47
219
400
1
5
2
39
61
1
11
270
795
164
1114
879
3
2
9
31
2207
14
2037
1
9
26
9
5
2
942
117
1
63
1595
2
294
200
50
20
2533
1
3200
2
34
678
290
122
119
50
197
65
131
1
1200
3041
6
14
11
181
155
203
1614
63
87
170
71
5
17
13
2
5
6
63
7
42
195
151
14
693
65
800
102
37
14
2
241
23
8
8
151
10
32
138
6
280
3
39
84
313
375
2
426
3200
6
8
4
45
115
37
58
2317
6
450
31
54
10
5
41
1155
690
236
197
127
2179
381
5
361
19
36
1
9
103
32
3
45
27
31
3
6
373
26
529
400
9
1012
1
116
149
400
179
10
3200
1
1321
1
19
5
6
26
556
191
702
275
444
47
38
557
2
2
5
96
3
1
22
12
9
1528
34
211
733
3200
25
189
2
3
27
2718
464
1441
3200
8
614
133
23
3200
2
16
9
200
17
210
2
9
15
24
22
1006
1600
17
11
4
1
2
52
5
217
8
126
245
3200
136
1607
1
3
230
168
128
2
8
123
76
5
1087
65
823
29
3
6
2
5
5
265
12
11
3099
375
2626
25
227
245
16
1
12
6
10
78
3
435
79
600
18
30
154
71
7
18
101
12
109
23
62
2401
12
1208
2399
486
574
144
200
572
188
34
23
9
5
1431
24
255
159
12
2712
200
1
24
27
74
3195
11
899
399
7
5
176
1
23
408
37
2
142
1
20
185
1269
9
4
1905
28
9
46
72
84
35
85
1296
37
95
707
2294
1260
3
11
1
4
79
1599
40
2
1
11
3
200
41
4
468
11
4
88
1
18
256
22
629
39
2
3200
18
13
304
800
23
4
5
19
354
22
42
17
7
26
1
11
1157
375
1674
53
1685
85
1
3
47
39
6
142
60
153
122
46
427
139
1
56
34
1
136
13
12
9
3200
193
12
8
1124
441
146
1475
3
22
6
3000
350
203
98
5
3200
212
81
346
9
14
15
39
165
54
3199
154
1
4
11
159
222
48
5
3
68
206
83
166
200
99
99
51
698
4
25
403
431
1
1693
2
1055
16
345
20
1524
120
980
1190
200
62
6
9
127
26
84
3000
472
800
2
58
11
1
78
49
3
228
184
473
77
22
1
10
4
16
163
1
23
552
264
119
2
4
3
3200
189
105
884
16
38
1
152
10
7
2306
8
18
4
3114
42
76
702
180
9
2030
12
283
117
3
1118
3
11
1
2600
79
1
18
17
4
3200
50
120
1085
5
50
71
4
2
41
1
530
1
13
26
3000
1
533
97
77
1173
416
139
768
10
498
103
131
174
486
99
28
3200
497
42
1
1
66
62
1
1
89
2
384
10
945
8
7
193
4
58
33
6
6
12
50
5
291
110
3199
3
2429
200
14
345
843
108
11
4
171
1046
25
1075
147
3
6
16
24
3200
23
1
270
12
456
93
42
39
80
79
1135
21
12
266
1
3200
9
2131
3
268
146
27
1
200
3
1
526
3
3200
1
1
33
21
646
105
50
60
64
81
65
30
1160
19
1163
2790
135
53
2988
1
785
32
1
452
37
21
4
19
5
4
57
321
11
9
400
982
969
21
13
200
5
1
12
2
27
47
15
1
159
48
8
7
1200
5
2
987
1
6
35
98
1
205
4
43
2
1226
51
4
507
237
177
211
1
20
2
34
2
3200
24
215
411
5
67
3199
570
74
74
20
51
12
1
600
47
2798
2
9
73
47
213
1072
140
451
2799
1438
33
441
36
50
697
172
211
29
33
15
200
3200
13
1
109
537
2498
3200
30
80
2
323
16
359
458
10
200
6
1
7
4
1083
12
1
2600
10
141
45
37
1
1
46
395
135
33
2
1
6
81
1025
78
44
564
4
2
25
641
2561
24
3
9
1
475
550
32
316
5
71
965
33
40
15
31
22
1
17
418
1400
139
478
72
3
309
9
3200
5
18
20
1
7
46
890
54
139
6
3
1282
14
12
3200
3200
31
3000
113
32
2453
4
1
30
11
1
13
34
299
6
3196
84
32
403
331
1194
28
476
36
98
373
2
23
3200
2400
2484
12
45
12
6
3
163
3199
39
3
90
32
776
51
46
3
542
1
4
2
2
307
4
240
3195
371
12
528
3
4
905
9
355
2
402
18
10
388
7
1263
138
753
1615
6
1546
45
2
1903
108
14
20
65
1732
3
4
3
2
1594
4
318
13
131
183
132
64
17
21
8
59
797
58
752
903
2
2198
91
81
2
7
3
3200
71
495
453
1094
3
273
281
3
121
5
39
16
3000
999
1758
8
146
218
61
69
20
1
6
354
6
24
10
3065
37
67
1
3200
2
68
1501
36
2999
669
53
32
7
1
2
146
6
1
868
21
7
3
147
13
440
52
5
195
278
803
3
454
1872
55
6
8
604
224
270
119
1
62
1
140
3
15
1333
1
21
5
59
238
785
1
41
63
6
1
84
568
3000
25
237
2
84
12
263
1
1
420
1
94
1
46
6
537
73
241
600
203
31
784
96
1832
15
4
1
19
416
39
88
20
220
16
7
560
2
1
177
2
81
1
4
307
198
2998
200
6
2
2
17
14
68
22
43
3000
1381
2
7
1
3
24
1
42
24
192
3200
2843
5
3
16
163
27
46
1000
80
6
95
15
1
1
244
716
48
148
1
3
803
4
8
200
12
372
3198
1011
18
3
346
16
2
406
88
54
11
522
61
38
2
935
97
9
30
7
28
17
13
3
8
347
1
129
1
1635
2
9
228
12
51
6
5
13
2
365
5
2999
407
21
20
3000
1230
8
207
1454
18
1
19
19
11
3
425
54
8
71
3
1
11
1
35
110
237
1
7
7
213
9
1
44
3
400
170
15
2616
1800
89
22
7
1
48
383
1054
63
258
8
68
1174
248
999
75
5
21
2399
10
2
21
110
8
26
12
868
1
124
17
743
68
56
1
29
5
10
960
38
60
152
1092
183
307
18
117
92
178
92
18
1
4
553
44
2800
2209
27
2919
92
25
111
183
8
23
9
317
3
15
3196
696
15
200
3186
475
25
1
3200
31
1
2800
84
3
3200
19
1
2
533
1
33
462
371
1266
12
1233
1
83
1800
575
28
2324
90
22
2
94
715
491
56
33
6
1487
190
1159
806
9
459
267
77
412
8
38
117
1327
2
1
5
361
3200
2999
354
163
195
97
1251
95
2422
76
48
11
167
14
554
23
58
14
47
3026
200
3200
124
3
3
1
115
21
15
41
13
29
1805
15
1
2
99
202
35
338
1274
31
400
15
47
21
19
220
289
78
283
3
56
1
95
7
160
269
10
256
1075
4
200
320
5
1680
1
33
82
221
1
2
2
117
33
3
314
1
29
10
15
24
21
571
113
1
13
3
108
636
24
9
90
2
8
4
13
3200
229
1
1
11
8
1
3
122
3000
193
140
19
623
53
781
1
15
49
398
47
173
29
31
14
19
1
7
628
1
527
1
50
37
6
11
400
18
799
1
3
2
310
1
144
204
1478
31
29
16
818
19
139
2
22
119
38
7
998
194
629
9
3
41
105
3
4
14
3
31
1204
44
1
952
47
42
65
29
62
76
1700
369
145
2
2
274
22
25
40
4
57
34
753
3
25
43
401
33
400
19
111
3
1560
12
20
1
1
365
407
34
2
329
3
4
10
106
88
432
28
815
252
998
26
3068
346
961
301
50
36
307
3000
6
2225
7
1043
2850
89
5
33
1808
7
42
306
1
32
1200
3
14
102
6
59
114
988
344
2
13
20
1
2800
85
15
93
48
11
257
9
17
6
19
42
1
3
23
1206
1035
13
15
8
1678
7
410
520
1
3200
287
15
759
10
12
556
3200
400
1
6
3200
438
226
53
460
227
23
1
193
1334
34
204
1715
3200
2
2441
347
115
102
537
23
3199
1
11
10
2
120
6
341
3000
14
1
4
91
758
1
233
23
24
44
5
1207
398
3
2
138
105
2138
50
2210
30
8
20
600
1997
1
49
493
3
401
33
5
2
340
1
1
32
241
86
958
17
15
142
602
736
415
8
208
26
72
29
37
72
124
1
88
337
34
67
252
600
2710
1
46
108
3200
227
30
8
11
128
38
436
705
200
216
1
1198
58
92
224
337
32
179
149
175
1
9
3000
11
1062
31
3
800
2000
4
237
131
2197
3200
65
3200
68
4
4
680
1101
163
37
2
455
600
61
5
3199
80
578
392
229
3
79
678
9
73
23
1
2988
1
2800
28
1180
50
1
153
165
224
2032
54
29
8
37
4
36
3200
1303
340
38
2730
1
10
392
2075
57
11
42
26
52
9
155
2
95
7
6
3
33
4
965
266
32
342
200
837
19
1
92
95
54
3
34
3
3
11
28
23
262
52
11
103
61
132
537
43
4
54
8
2
120
6
4
2528
27
1
14
3
225
1075
262
20
1839
33
2004
52
696
31
84
2
10
101
203
1969
2
49
3197
306
2
249
18
142
64
39
4
400
25
10
454
200
2
13
103
1110
201
4
43
8
191
2
25
40
18
2999
357
8
592
57
11
8
73
200
774
84
37
3200
9
324
17
59
9
97
250
1
1124
60
6
29
200
1266
18
2600
201
157
19
4
601
1
78
5
1309
127
8
3
305
924
261
837
138
5
1
1
4
344
101
1
11
99
179
3
8
11
14
2419
69
9
6
1806
888
2278
104
1
19
32
6
29
222
33
49
1144
20
223
41
1
23
1793
579
74
137
6
83
3199
245
33
4
1
18
2
1074
43
49
3
1
133
132
114
1200
162
325
3
12
5
3199
3200
130
87
63
15
176
24
1
67
2528
13
71
199
42
2
1538
113
29
256
16
874
16
30
2
2
15
14
3
2
567
35
400
1259
5
85
175
2799
1600
2
46
4
26
38
11
1
348
291
4
401
39
263
6
726
186
34
28
16
1
3200
9
22
3000
2
210
28
753
30
62
212
8
3200
4
11
280
3
543
61
1
25
1
79
252
2
21
999
101
246
27
1
29
69
7
86
173
1
8
339
60
6
256
4
39
18
1
2522
977
6
20
14
1873
200
1
223
27
215
5
78
296
1231
22
2799
141
3
9
10
29
