24265605
14718194
57132430
19859480
43938588
20730557
50346851
30895935
38884938
9500462
18468014
25634346
18341912
27219464
17524897
34410392
11350852
23483694
18353632
18028421
37074321
15307597
45350019
47388421
30723326
14205831
50285652
53975012
15950753
20023680
15713176
33001313
26762123
24174589
58967382
22970348
36165915
28204379
30597497
31527796
16971351
46634442
43919466
11116072
14415513
770067
30055942
24932774
18172424
21660318
47727391
22197283
46651282
15737285
35483132
42316202
28897141
17730261
17989541
11884332
36798407
26096802
17055173
16481873
27583643
44562698
38851392
57817572
51854879
19841707
20476715
17699204
57641543
45890842
18849665
2286451
43955889
50625457
10053302
50641467
16720291
26156790
14564467
31001565
6771592
16940382
28981598
31180347
22409869
28231256
21365938
37024016
21262099
18682676
21321057
51071542
24625792
37417969
41408284
15074523
16194357
21036982
12402112
44048774
19947133
39209890
19100615
23761245
18771655
59016632
23258101
20804997
15255666
28145579
13902192
51935942
15540979
46717655
30646584
42272732
48825822
17036107
14171439
14842159
16988410
55690519
46659940
22689938
16582083
6400002
10234032
15250367
44422281
10039302
18367833
13653652
24490977
48804345
24886148
30765901
46250945
16586184
35015493
24961888
25937263
26194661
14311460
23191009
16745434
15536582
21015711
38276775
45623581
38206598
41367536
20750197
17091605
53730132
16247333
14682440
24128261
16640616
27893008
21669690
22345166
44275967
25020785
23792580
30615876
22610453
14395937
42876669
22378790
19477515
22973087
31540068
37430489
39084611
30728418
18779805
44473419
17970841
6820112
30844402
17643109
16667428
17600802
50003608
30746237
25309651
57725554
22486434
14375989
16469219
15225973
17258815
28393628
20339804
58841167
45297409
18057649
45280713
16175671
23345838
56582993
14705090
20234554
16129983
26397625
14134046
43567844
14261236
16598422
47999920
54130227
25960421
55155515
21946011
27273106
42728934
23759741
38777680
14278013
56571551
18313835
18723770
38073608
50948969
24082071
49373759
37367669
37264648
33619986
24167312
15014850
25572357
16520869
30750622
19317202
28701845
26279806
25834707
15782380
30385396
28432076
22155021
15137152
30017745
46639426
28733088
19696905
8096422
19971928
19468685
14494788
14725723
21001422
41863097
17963543
30691467
26155674
47413624
18226088
15134310
6993112
52587857
43230507
36474788
19543
17408688
54591690
46662532
18289674
21365530
42330948
36772916
24534101
14893442
18693035
36284658
35412396
18687925
14837632
17728247
14950834
27976906
47543464
15372257
30500685
25578316
40869442
43229974
29285573
45780024
33421131
59042681
20215030
37079060
46581080
8629502
43187253
17033192
55539656
18732340
47752267
57517122
30614081
30358839
31173243
25120400
783145
20745793
735323
14361150
33108473
56820649
45857112
15534418
28506952
53405203
41515353
32263227
16634502
18170024
29357695
42104003
15892488
15038721
26683593
60514018
15513916
33633343
44955383
17967852
19050244
37193670
21376287
22182152
45019339
14228597
43547785
51564112
20250936
18946463
46668455
19404676
35229414
30597242
16139933
21132919
46659918
23104765
30236702
30232563
26962487
15405283
19241844
