-0.129729382043	-1.34279101583
1.06552911439	-0.445312108023
-1.49257499638	-1.30218347155
1.0153489613	1.75564389352
-4.15823494764	-1.77911967364
8.09136496945	-0.560258819185
-1.79213223862	1.43571063993
4.06458348096	-1.57590618188
-3.73106589124	-1.66454129023
1.14129307878	-2.5341886808
-1.6749299153	-0.966697435062
4.54727256568	0.991311055742
4.29292321566	1.1633174641
-3.04411250084	3.21232899384
-0.42789240647	1.30052006716
-1.81622856034	3.04554684655
0.88375551596	0.0239280318817
-3.23191986704	3.79611694319
0.611193880659	0.826806540209
-4.71616161329	3.39227128707
3.42470981823	6.62261689638
1.81102105813	-6.78697251882
3.97835315455	2.11146499841
3.27594780337	7.0719244464
-1.23528226993	3.87747830943
4.08041935354	1.28929698054
-1.33616664441	-1.04728206431
-0.963756041106	5.34507189859
1.27392271427	2.12055902844
-0.987063064322	4.1312678768
-4.2221324472	-1.37145703537
1.01987575928	-0.0808080651113
2.4254049544	-1.81103954944
0.976046973575	-7.67328871257
-0.354123063501	0.244098336981
-6.31307194179	-3.00519047804
-4.79318772311	-2.67463026994
-0.535347530932	-1.80767346458
-0.409611902516	6.97802427267
3.04843384941	1.11043412103
-2.99412714207	-0.855277745589
-6.23186710572	-3.06323931625
3.6928107043	0.190658177499
0.127108317983	-0.213496362334
-2.83028218324	-2.61523271607
-0.0852100455162	7.51117257188
0.115286064997	-6.74677550965
-3.78233116346	-2.63273891169
-0.655795468206	3.56657534035
4.72366626499	0.350607401385
1.04810460971	-2.14250994683
-9.10551913485	-5.91498603497
3.63603101683	6.54355638165
-3.65361567729	3.74321319081
-1.56568946754	-2.2866288613
0.320969270166	7.65719805948
2.41764867994	0.651741898473
-1.86180145214	4.74530230632
3.24634066079	7.41844590943
-1.00921424556	-8.3201304573
0.947097162242	0.361843151298
-6.07530465207	-2.53029808315
-5.28577073447	-2.02837772844
-1.34620064786	-8.46537046625
-1.75229573101	-1.95332954075
0.08011281332	2.29686980851
-1.90838058993	3.02813406755
0.914339177269	3.20277034135
-2.27672997283	-1.99449789567
-0.804151565201	0.623257592269
6.59697481264	-3.03323445824
-1.24795292609	8.93129266111
8.34303041186	-0.354885354685
5.51624551001	-1.10600720898
0.317571484474	7.67337800702
3.58573064353	0.719626872707
0.992501910641	1.1831236233
4.34939491272	1.24962620563
2.27974064416	1.91455500611
2.2896168174	-0.565124109703
-5.8706837284	0.48800514005
8.61701136739	-0.608425199639
-3.92116729187	-4.65477108027
-2.79473919502	-3.8712175672
-4.60821228176	-2.20299659044
-0.201918429878	-2.91113779256
3.64193578968	-7.64718938836
-1.55193029061	-1.5759946623
-0.889473557394	3.43146714209
5.88049642453	-5.37786665556
4.12949156797	-1.74139825116
2.39688648294	3.35298255821
-0.90146238357	3.17296186231
3.08891589202	2.1209783461
-0.0653962352949	-1.00919674948
-5.98197512892	4.36249529537
8.44490346183	-0.707317348961
-0.518159482455	-3.42914128218
-5.37586562396	0.0934769111261
-2.56230701425	-4.75955199506
0.174880559986	5.17728463511
8.85333053106	-6.38846943469
3.8491288286	0.96771074753
-6.05562436511	5.85483072772
-1.93554541378	1.16648985012
2.05008780881	-2.80959880175
-0.641609188336	-3.46453721007
-3.29013121914	0.306521141803
-0.36240144668	0.373971246877
-5.95353305912	0.332432622142
3.58675001944	-7.06946500527
-1.87954812568	-1.01523707582
4.94766913299	-0.157647188182
-6.64279080296	-2.52225077327
-0.853572977038	-0.973247878325
3.47497254122	2.71390607779
1.18805896221	7.57589476983
-9.05766480244	0.622398983204
-4.17553258789	-1.10605088686
-3.39433004361	-1.53665618264
-1.10301152193	-0.1261630944
1.14358951689	1.93559916209
-6.14005095339	-3.11078382605
-4.65195063478	-5.40087175915
-1.10786625434	-7.58680615629
-3.01914686779	3.38428992951
1.93404387424	0.220412082256
4.28677079918	1.12048147298
3.76733769255	-7.32847022769
-4.89573080883	-2.17451213948
5.23888195452	-5.27808547752
-0.524891703046	-4.29170131701
1.89665174214	-0.820854593774
4.25519577121	1.24511222277
8.42285886094	-0.705766075314
-2.50433619942	-1.9260420175
3.90580198593	1.36795473396
-0.435119495502	4.77354999472
3.68125281292	-3.28341819002
-1.8853935775	-3.98025511176
-5.38912753343	8.54150133991
8.19992647186	0.657980254477
-2.07859988044	-1.31154108601
1.27307537086	3.27054331796
3.16088471053	7.74749209012
-1.69412543337	-8.15296760432
-4.2506571342	2.33399227395
1.04905564611	-8.41913795813
1.83951017545	-6.80836321967
-2.37343470645	-3.29856402417
6.04026136952	-4.33136461034
-4.35546020721	-1.09430072632
6.03942762879	0.5887258155
4.58169191681	5.89306762635
8.9689906195	-0.943438462949
1.2584918039	6.69086556007
-0.866726277381	-2.31881954212
-0.892305686059	4.29761428054
-5.18239373201	3.67051040624
1.75674572003	7.48850435241
5.15266455798	-0.868051911114
-6.22083387505	4.13619291208
-2.06390776006	-1.40241317322
-1.84137342109	5.28179437627
0.0577821682728	-2.946050484
0.243054326369	-3.48323214048
1.89996811115	3.44022440817
5.21909119289	-6.39146745448
-5.53128983755	3.93110706085
6.64170187291	-0.996578295543
-1.26097653794	-0.594577543184
7.51632717426	-0.247319537455
-5.01691759966	-2.09495068165
-1.26330015674	6.97856772529
1.64804624549	-5.48547454969
6.1441877668	-0.890713276324
-3.77766352249	-1.80669813395
0.588251490671	-3.06407699139
-2.92909854683	0.892148732825
2.75855383069	7.27373465162
-9.49780054294	0.703785931881
2.06303647947	-5.36409649923
4.23578362714	-0.842749612523
2.44818969045	-0.0707052305775
8.46586931937	-0.29549846879
0.425344191838	-1.76964949022
1.67924650935	7.47818043567
0.0778285099206	3.7314852772
1.61989394311	0.944607009581
0.98047424157	-1.53722472947
-3.26654119533	3.82781345283
7.98063209109	-0.592648294796
4.29739669378	3.92349661017
2.99722876469	-2.51489455282
-2.36513622764	5.04189798808
-2.19142324871	6.70044428188
-9.99364340577	3.842061246
3.50713180233	0.352799691134
-5.69998857738	-5.64157756921
-0.16442397811	6.57535636651
3.6666793678	-8.58610399511
9.14410090473	-0.658968789137
-5.14165191072	1.09620463502
4.95801570975	7.24840211038
-2.04238353781	3.91778517144
-1.93661037273	-4.33702199833
1.1270708822	-7.72668615316
2.46750601777	6.68889128789
5.55603486052	6.91374920421
7.69936969867	0.791646744282
3.49360795627	-5.46455703896
0.235744853077	0.990274024189
3.95232269744	0.981686029837
-0.755069347518	7.56879258079
-5.45847815653	2.26833561288
3.31756499597	-1.84402311298
-5.04153723231	-4.99974549015
8.0007219912	-0.132411952433
1.16502017218	5.28322303649
8.38299807382	-4.38252995059
-1.97057431143	-0.0331540115865
3.64292532829	1.02963098366
3.72067468544	4.63139765005
0.128727760163	-6.81245152502
0.3849412502	-0.118977729806
-2.75098423902	-5.79080257469
-1.49604968349	-0.87363497611
0.31453510052	7.73195188984
-7.33101712097	-4.15972958597
1.07932985216	-1.23877132282
-1.5379125425	8.83830404898
-1.91591218397	2.95198920287
1.97779299615	-3.14033884663
8.34190660033	-0.60562901556
-2.07672258535	-4.19376304631
-9.4639023583	-3.07051744513
-4.73009797405	-2.96219499734
3.14150648673	1.20324665878
0.890131482875	-3.43714466095
-1.03702330835	3.93686116678
-6.70516202446	3.23123098543
-5.07497128165	3.69581391016
-6.74046196014	-2.50803904649
-3.07025394395	1.73837175039
-1.82233084979	-6.09998091457
-4.32105292706	5.85373420997
-0.37940336383	6.19011951163
4.12550854429	1.58072435913
6.46489490835	-5.74248611816
-2.98359617141	3.11636228064
-6.76186020157	2.93990729623
-2.60984210571	-4.8191135946
-5.23692750743	-2.70436138689
3.65056545567	9.04362625821
5.06867812994	-1.28178366977
7.93263719538	-0.244916337325
-2.70964948818	-0.929367864102
-4.00685424928	-0.936458068071
-1.4117628245	-4.80103846483
5.63133064929	-1.73443940663
1.99275406796	-3.17668387703
-6.32700388654	6.85927989374
-2.24885901654	1.15441340967
6.50331708052	-3.18736287284
-2.37441817042	-3.60761616324
0.450364016282	-7.5247669126
3.45764324745	0.989032576629
0.006926695365	-3.32525138348
0.288898269372	0.964567450194
1.91911629185	-2.50265753375
6.63919572358	-2.95359197224
-4.40963766793	-1.52906379091
-6.77564435386	-2.56915823804
-0.057913479446	5.68166533079
-2.32403199442	-1.23608393976
-4.71386833268	3.95810872408
-2.96812375283	-1.29661618921
-3.7141573108	4.73164330242
3.99699716057	-0.641983183383
-6.69958004883	3.28851247334
1.01631147468	2.13168346714
5.21079938618	1.4227232083
8.7835278644	-0.489565333918
-4.63688583489	-3.92007042565
-3.69529689651	-1.93731930671
5.89838625066	-1.65826544847
-1.75909653883	-0.70592053938
4.72476894593	-0.788551774873
-4.32701372721	-3.58020508192
-7.1780880443	-2.86875082485
-7.08805374464	-2.2052263599
-1.30336195936	3.74860345037
-0.137083140503	6.7507518487
-1.24367744866	6.56095439884
-5.48260647066	8.42673932481
3.98597541402	-4.80408428093
3.97624629835	-3.29900106491
3.9511806231	2.85177400785
2.44049673477	-0.740651722678
1.12815531891	-8.56234885915
4.42197531515	4.25078295176
-1.02371277941	-0.260276171222
-0.531359255432	3.5267822824
-0.883487855199	-1.75739440244
-1.51361471549	-2.34716206046
9.09477234114	-0.819853101696
-1.207499055	4.83850990037
4.9136928765	-2.28700163074
-0.848790723283	5.95601082142
3.88390023724	1.10211476794
-2.75971646819	-1.35594261687
-6.67262355111	-2.39535205693
-1.66279533145	7.29355586634
1.34092380469	-0.563508177758
-0.386229855695	2.52348408645
-5.89856350549	4.73619832381
3.75600432896	-7.55169017923
7.05292857597	5.88468427761
-0.312815423333	-1.5117126902
3.7177810326	-0.0831508424554
3.42850998322	1.95116345495
-0.543698877333	-0.704769048804
3.0372062507	1.02880147616
1.5509619984	-1.12152684777
-2.26443306757	6.83239377387
-4.61556641646	2.86008503821
8.79525180981	-0.171589138712
-0.371498626342	-5.80986279115
-3.64064047423	2.8313254017
-0.839520845328	-5.80792593011
7.92271985616	-0.900753520552
-7.176014995	-5.13278306437
-6.64747477641	-1.05611723114
4.07588558784	1.94776563791
-9.09690876233	-5.88786734891
-3.73074288172	-4.69903824184
1.34625738783	7.81760278747
-2.74648583011	-0.124835325693
-5.57094523037	-5.57344504193
-5.94943602676	-2.55556412049
-0.706635726075	-4.90277266239
4.35329771709	6.13007831103
0.972696465898	-4.75152866534
3.44692962171	6.97619915216
-2.33673335819	-10.3510142861
-1.51870720903	2.40155270619
-5.88372027264	-3.6237231936
6.8611506609	3.29452964613
0.484999221138	6.86192714287
1.72321835653	7.9163135584
-2.92519600499	-5.62448161857
3.93866972608	-3.27979642151
9.16069563741	-0.429924676404
2.30569182517	4.5648102705
1.89126585544	2.85847561037
1.72223883043	8.16969246286
-6.71656606098	-6.15605040243
4.56941018408	1.1743502512
-1.81436201172	9.11301068592
0.213112948267	-1.91972283887
-9.15160491714	-5.89991799321
-1.92091328894	-0.726491530367
-2.75950629826	-1.90305444732
-9.2592713677	-0.822544014599
3.23756959673	-2.0355369761
-9.24729788455	-0.859269220654
3.0579553834	-3.47405303528
3.78519248907	9.17759082016
3.22850921564	1.82378959027
-2.15354900036	-2.12229556846
0.132296315532	-6.84373807762
2.91964388976	-1.14256951799
-7.66901604718	-4.02941567733
-5.39356570908	5.04890854532
-0.816894971934	-5.65010032207
7.63343458026	-0.776291364598
1.01323593403	1.70094368859
-0.575293730682	-1.95634701352
-3.56231327455	0.962906182103
-10.0006467827	3.84103708853
-4.36803144937	-8.49381305006
3.771535445	4.64125947497
-1.47287553521	-0.612115637519
8.67035210348	-1.01889084312
3.69464911571	-8.2579116058
-5.71734422444	-1.69049502275
1.49696817192	6.33753568633
0.779886603532	-3.01080794797
8.30798898891	-0.527624604131
-0.718821073472	11.2519585606
2.73159983058	-2.90027571558
-6.31762052959	-7.86607057971
-1.3538775406	-1.33362956653
-5.4030994622	8.61407584352
5.00526462094	7.26665541808
-1.58851041652	8.76863733949
-6.31918194785	4.2350374962
-6.30782928294	-7.85597473066
-6.27450814527	0.0722949785711
7.98377100629	-1.34277472697
-1.21205282907	-8.74225018732
7.4831711891	-1.56633324798
1.54631473049	-1.35820537125
7.18590737376	1.64863478397
-0.0277075217289	-1.07656396759
-3.68268815834	-3.67374864335
-5.33086525317	8.58180624005
6.01642676871	-2.76712009286
0.115123744715	2.40084009938
-3.73732231405	-5.94065693304
7.5433448349	-0.423123849964
1.81256423945	-4.04972882833
1.58962260626	2.55068708459
3.96584936541	0.608809648217
0.958031193308	0.350285733333
3.48041956307	-7.08179435243
1.85458091184	7.45682051453
0.494565304159	-1.32739109192
7.38986952915	-3.3305430892
-5.25062775957	-1.01732489865
-0.614954562561	-0.728945766832
9.53209626254	-0.226310983561
-2.69171149541	-4.59122253524
-2.3499154761	-10.4080721491
-4.18759077992	0.684152652079
-3.18765075634	-2.49076346872
0.396145161054	4.87058321168
-3.07173827077	-0.39068091627
-5.12360478498	-2.10062333137
2.31796899223	6.50849297351
1.98856955391	9.57288956795
2.65358682862	-9.053858864
-6.98206917832	-4.02852264058
-7.1941888116	6.2207942881
0.528753123429	8.69481763057
-6.11698091056	0.571989690412
-1.06976265154	-6.67565890911
4.92078222775	-3.53668900114
9.10082090081	-1.73660485143
4.62654810072	7.0421178165
-3.37687673523	-4.24532593339
2.80885709765	0.28846983345
-3.8487009109	4.59771733093
4.80883796925	-3.38929684997
1.40557780132	-0.308507491418
-0.187014555307	-1.0770337828
1.13015637537	-7.70184016538
-0.372653005577	0.364598972942
1.94332899242	-4.01664048577
1.3554333504	4.4154037313
1.22946973283	-3.73331409395
-9.47624711655	-3.07021040931
5.61499073361	0.163661077183
2.57218203317	5.45168140227
0.785547600823	-0.295183198235
-7.18619036673	6.36794418048
-4.52708589736	-5.2703657476
5.88029654018	4.95615500866
-4.59165170689	3.44759545576
1.44488541442	-0.262439900115
8.2782947442	0.255430313888
-2.63000033805	-0.924027484717
-1.74839848502	1.63218822826
0.805878855457	-2.50217696344
1.12118809847	7.13400477743
-8.79315039526	0.420737019795
-3.23354984096	-0.476564174472
-1.69701495838	-8.14817769308
2.14652196834	-0.134642199269
-1.33522324337	0.275480634624
0.838057075501	0.482982781509
2.62700564891	1.49160418954
-6.88060372034	-2.46917735233
7.93788599106	-6.51967081083
0.97796343031	-3.59307843511
5.8480138496	-5.33999050825
5.0365777234	2.32457477262
-5.54785454055	0.228899226762
-5.72206222072	-5.69331860199
-4.30398780765	-5.74036490074
-7.10097552893	0.867601303766
4.88684343172	-2.2800486242
-4.13424787652	-0.804811553139
6.17222899649	-0.436800774723
-9.12579796068	-5.93728712436
9.23106523682	-0.594507328699
-3.53701584421	5.05448897786
-5.09862071676	3.69175470454
-3.09564247707	3.26020353935
4.17195059323	-0.559489744465
-2.46020971899	3.08948462452
-1.03038356304	-6.6265078509
4.09186958713	2.18623034378
5.26416226244	-2.3084344417
-1.08500535346	9.55319352744
-5.23951747714	-0.88446703622
-0.246120280903	6.82607577068
0.409591561673	-3.09104009998
4.90258260764	-1.24463464232
-1.82637826765	2.84579552365
-1.08082250714	0.847220605437
-0.257956023364	4.31077618333
-3.17816413249	2.40403670015
1.33752602903	2.19576532435
6.88700985043	0.256628556223
-6.06099590772	4.03425877303
3.86735592978	1.62540969997
-3.95343758158	-2.2877209065
-5.78303066258	-1.65185572822
-7.46347266314	-4.1524285448
-2.87885510658	-1.4366418133
-9.11888651313	-5.92451861542
3.66649498596	-2.10319550185
-1.93187785002	-2.39821204698
5.03351661619	7.33947746591
-1.46461789315	-3.87495012477
6.33158602198	-3.12776530729
3.75475807909	9.19253702899
2.0790141492	0.0305587739183
5.21059331392	-6.36276160382
-3.48329424906	1.5685821095
0.998223660109	-6.1203927534
5.94767321734	0.284739712353
-4.8676936416	-6.48658709951
-9.61440734692	0.643390640516
-1.1958746909	2.67895969001
8.76284620925	-0.634157436368
-1.761300841	-2.5939274952
2.47278377256	-3.95528440493
-6.86953612521	-2.41444125312
-0.621082130436	-4.49014336125
6.63795257255	-5.91426425886
-1.72286966175	-0.612066639194
0.500957075541	-4.80048425243
-5.25515398593	-3.46511760274
8.97120256011	-6.42243338021
4.28182689217	-1.55902581223
-7.32282185546	6.54337967239
5.78505406391	2.10528748172
1.52651752425	1.33936591392
1.16969215469	4.15196820828
0.0847379110901	-1.52085526964
-2.54708223322	1.08980240814
3.73920288911	0.0529316196084
-7.60877198234	-4.04610550239
5.27612229713	-6.52275403767
-0.352599399005	8.77302183517
-0.791987293831	-3.82383305775
3.98435573182	-4.65481002576
-2.5281248982	-4.9833681903
-1.34436620264	9.03459396481
6.24978013058	2.94754596953
5.41677857586	3.69307050648
3.18395399	5.78409255525
6.06248434911	-5.45921240833
5.99450485411	-1.71191948676
6.91949224771	-1.28390261597
-3.09501822454	4.42692974343
-1.79300199573	1.59021633725
2.92780418728	0.978770456862
-0.546882032898	7.67493792797
-0.860434050901	5.41900281406
-0.716208775579	-0.718395664575
5.99612471323	-3.54883828259
0.384257241633	-1.97513479657
3.35251758888	7.39519857543
0.103326854837	-2.09143746809
-1.99626967757	5.31343356389
-1.88657105048	-6.24166764603
-1.78769963658	1.5859503239
-1.8636058522	0.281396946619
8.40879094312	-4.43104304857
1.38818832422	2.23683227248
4.65614044048	-4.16138943975
-2.68475877586	-4.88811607632
-1.41614954622	-2.49194703284
-1.44410996903	-2.69501847186
1.04219788889	1.37655690448
4.69685534572	-2.46392266644
-2.11366263408	6.23674752162
0.603718517584	2.51984579
3.20293382477	-0.673406685695
-1.77899570327	-0.500426557051
-1.42632060991	-8.50532997896
-3.01526038095	6.46494775518
-0.0453241072646	-1.03972747147
7.71023616085	0.54238524801
-1.18741982885	4.94718277043
-3.1848689643	3.25867405357
-0.711116990386	-4.38686369862
-0.387895042769	-0.903986055028
-1.6999066236	-1.32076636305
1.45374717211	9.51430524167
-2.8902034189	0.907992589806
-2.1359927809	1.1955016979
-1.51896866227	2.40290615407
-1.22110923049	-8.34757990833
-1.4146872699	-5.46482610747
5.30191210385	3.61823648044
0.326219649465	9.90986739728
-3.19400060467	-6.99345810204
-1.41919794933	-4.67893618074
1.38809593402	-2.44622035724
-1.6598537863	-2.17759729796
8.63683598156	-0.362601988795
-3.37887764984	6.175924081
-0.35218131556	2.91997777838
-6.02448213951	5.85298799086
4.90003095686	4.47937142858
-9.68087769238	0.431316695112
-1.13140086124	5.74989644439
-4.08041669398	-1.55465430145
-0.75716447076	4.9994446481
-4.76569435328	-7.06118453597
5.11439894648	7.35509852987
5.05002858557	0.488942043881
8.17111003411	1.0125704166
-5.94430652411	-6.70411134227
-0.87484837716	-1.57544996816
-5.84088186909	5.17050493671
2.72965337686	0.335049271153
0.270602364716	9.72289351891
-0.316362781129	5.57869351762
-6.90706914686	-2.40354267673
-3.66211652767	5.8316983578
-0.724169818469	11.2284903187
0.292616975827	1.48141621037
3.63247362584	-7.763820388
3.92563473184	-0.761642765322
-2.54400955084	5.20043968205
-6.32556922274	-7.84345911268
-5.77861834587	0.367634659126
0.586281662011	0.389006854515
4.00595687601	3.03580376544
0.468963393344	-3.79493429215
0.883367657652	2.0396443753
-1.40789434321	-1.50622940482
-0.372217446598	7.5509443325
-1.44892668566	7.9412732284
0.930277923026	-8.72277675079
-0.731793473227	6.71450100232
-6.31430753373	6.91297731673
-6.36946199721	3.81868907234
-0.152939614167	-2.6974507083
2.8411436517	2.63156112341
-0.6622685319	4.56746693668
3.78128058111	9.20652807751
3.48209894742	-5.60429500883
-5.47997035129	-4.66078118037
1.55118630376	5.14823948151
-5.13710453654	1.93487172928
-1.88697232083	-8.17462744728
2.3223097052	3.45757283
6.55508460376	-5.77954502172
1.53518254459	-3.14117614317
1.22387483479	5.20196742599
-7.87321271566	-2.02284355959
-2.523183298	-0.27010941082
-9.48163380288	-3.06960088846
2.76572119782	3.39938759153
1.22260736274	-0.0796483495712
4.81052182951	1.80240261053
-9.99511894795	3.83872661758
-5.87977829331	0.847464411278
6.65575410108	-5.93352764839
-0.764858403277	-3.24283575053
-0.876825660108	-2.74220681531
0.17482453967	5.38254804297
-3.61946071702	-5.51300973418
-6.78345020335	-2.76875321503
-7.95930205347	2.54378635436
0.787032102223	7.61040215776
-2.48572743745	2.78075188145
-2.47019416613	-2.40338079507
-6.74633810448	-1.31471799928
0.614711806543	1.39462945262
1.50799828646	-0.417285959098
1.13825305247	-5.94840047092
3.35165935124	8.46248535387
2.03481691582	-7.42519092018
-1.67085125508	7.89149033032
1.80059540865	-6.78281209249
1.18041641596	2.69293124916
-0.748889989629	-0.0763980723192
-1.54320500087	-3.64933399264
1.01449829005	-2.58656507541
5.22252610968	-0.926147107919
2.92065737884	-2.31974801702
-2.47620369349	3.10049159402
3.00774674794	2.03706241705
3.44951056194	0.176064442697
-9.47549555109	-3.06999100563
-2.80740938928	-6.04173381173
0.987442247947	-9.7768772613
2.05243448968	2.96892479468
5.91145912522	-5.32170503046
1.83344621939	0.614175091682
-3.97914250987	-3.2476113236
4.43402895809	2.03192791364
-4.04148784722	-2.68772988404
4.22068913931	1.82419517413
-9.17318492953	-5.89380934247
4.4730051497	-0.627964283086
-3.42663138662	2.53225065208
-3.16400036595	7.73127384615
-4.00151099311	0.134972210003
-3.24873426017	4.21836619943
1.97228124358	0.833194086861
3.59755227055	6.40969616422
-4.19550996557	1.86178489302
-0.187532159382	0.159866518068
3.00798709889	-2.88681672345
3.4709808637	-1.24879363161
3.78825217896	-2.11345500636
-10.0204881822	1.62678535166
1.31024520199	3.49149207009
-2.80072860677	-3.74143558115
0.265612118122	-4.27466283909
-5.43724339613	3.6185247533
-6.08038377532	0.814026288565
6.73523129599	2.12962715478
-0.504465054423	0.813624125534
2.38468829484	4.58987443983
4.95809760716	-6.10238934978
1.1931690345	6.87561477759
-1.25612148246	9.09255248313
-3.98286826599	1.15350153776
5.5756536151	-0.102342859897
0.0629582387435	-1.52338529894
-0.469514673832	-1.46037172002
-0.114764705755	1.68277055305
-4.76712175361	-7.06769272535
1.31294316441	-0.426466022002
0.950825130656	7.25892501298
3.70202489629	-7.74473433149
-2.52518588761	-3.74877237123
7.35065601005	-3.38429488174
4.37467260171	0.888918900398
-6.05369026715	1.84323942149
7.40220647814	-1.01681353297
0.027840111142	-5.66003914174
-4.41217268136	7.12830022514
-2.69388979819	-0.744410460107
-9.28527004511	-0.841605440093
7.21546014392	0.119601424082
5.86375758171	-0.600463714767
-4.73547711915	0.221950456509
-0.261112100159	-4.0786674793
0.539293384919	3.72685447821
2.48506739363	-0.258759314095
-1.78102073744	-6.2466308226
1.88646524168	-6.75300154165
6.26896765882	-3.75563541096
-1.59974929482	7.85789890535
-3.42340938614	-0.133194159114
0.496673612992	3.85236361944
3.75241005991	2.73347465314
0.0672209371027	0.766567495623
-0.703128011045	6.88848046496
5.91915163591	2.15335751912
-5.20148891781	3.2373889144
1.89699899982	1.27157372797
2.61646849396	-3.74018787205
7.99706065795	-0.85911401834
-3.65440048345	-0.979260365023
2.51371427128	-4.03646916329
2.93373560933	2.36563746843
-0.00493349419479	0.21660921253
1.86859403805	3.87993297849
-3.08684369952	-6.87578617113
-2.15181133477	3.59338825776
-1.90125054489	-8.90390055812
1.8922306005	-4.71402183895
-3.20397908472	-8.92581226238
-2.71229297652	-2.89573143964
-3.0322229514	5.73407663261
-0.86641270002	3.42188945685
1.48954491393	-3.92230344584
9.43908545781	-0.326719271069
9.36191300034	-0.852089927452
0.0591357278396	3.81201856286
2.51325294592	0.768932213895
2.34222480557	0.85202662985
-5.81783735981	0.266956877836
0.726066103195	-0.914117298162
-1.48952041767	8.90632515679
2.28442092537	-1.54336054002
1.34420130743	1.784743486
0.441441390871	5.10498120867
-4.36636857729	7.09795877852
-6.73291039079	-1.04765249577
1.05345605113	-1.95715035281
5.36158045591	-0.499267007805
-7.40124653495	-0.0823844212059
-0.673760839055	1.80269578127
8.96525372571	-6.42299955519
2.00151842029	7.56781263827
0.878986088308	8.8220758146
5.02194263973	0.459798874443
0.2152221321	-3.66898891886
-6.44906354058	-3.34675978628
-2.09723763858	4.78426658103
-5.58536750475	-3.85624166502
4.80765314067	-2.58953897232
-6.77973238537	-2.52369222737
8.88324274338	-6.38500765223
6.12428549914	0.7197616884
-9.02069283533	0.94498255382
-2.67259701066	-4.69117407724
-0.566880948263	-8.51104196646
0.327680892802	-0.752625657096
-2.72593234122	-6.60655783599
-1.76056376234	0.0421947070888
-3.41908306972	-0.785065076168
0.136437713534	-6.92491872971
-9.33843071626	-0.847523065059
1.12215968659	6.56543062708
-4.35573511624	-8.50392523181
-1.22212275688	-1.7674949757
-1.62651083836	0.978402981118
-0.0652008162759	-0.747652359452
-4.83179238209	-4.99678789498
6.69594490127	-0.167571406987
0.113907349242	7.65528206455
5.66836982852	6.88034370321
1.94259143823	2.08972388696
-9.21514712715	-0.851936736539
4.67954818454	5.80689351609
-2.19740459632	7.82705137946
8.99526830717	-0.174906004682
1.07952384871	-4.95156323692
6.55543010555	1.25872912442
4.62796536356	2.3790732469
-1.19006517225	7.09050120307
-3.29497227463	0.0146883793671
2.38197498567	1.96002425025
3.86013326077	-6.94224769274
0.66201613659	-0.982845495917
0.278994494736	-1.93277625572
2.95900971636	3.81347895111
3.33808306845	4.10701735816
-3.85441367571	-1.58910418551
-1.94296735094	-3.21781466596
-6.01564327017	-0.682239036644
-0.409773824626	-2.45674591487
0.289040558116	2.38346396537
4.96998386063	-3.6823147924
0.332953898376	-0.176239050318
7.69976209465	1.2321463064
-5.27111326976	-1.49351422119
1.11214296212	-4.99756999075
6.4879090333	-1.16491605619
8.0438130294	-0.743434001925
-1.10216520682	0.226146215414
-0.709499385436	-3.29676904306
8.47872460539	-3.33611355207
-9.80342999564	0.467965870089
-2.00263408885	0.441729192302
-6.33529720474	-7.91369099912
-1.93026449254	5.46280921638
1.45664749508	4.01517923296
-3.55715967833	7.06019479929
0.207027759469	-4.72320914522
0.26071235481	-2.27678035708
3.06091108487	7.23904039875
-2.41474149188	2.01779843194
-1.2308210896	-3.13141225372
3.65251622745	-2.6281177391
-9.46794777037	-3.07395147941
1.9315049018	-5.53979584042
1.87632461758	1.45390160439
9.55621657789	-3.51015345945
3.06915041104	3.73843347763
-3.57628080877	-7.58933990324
7.42842746173	-2.23595050038
-0.577153063776	7.09863031882
2.16097670326	-2.67910881992
1.05891944307	-7.76080656853
-0.784727335597	1.72961594066
-9.50664527424	-3.06801788537
8.90250035417	-6.38601504766
-0.439211162749	-1.32374256308
-4.51839442847	-2.58650541706
4.34602210658	4.09538758535
-0.559729359123	-0.129919423417
-5.24650713765	-1.02623721868
-0.708750915596	0.536965752787
-0.458580268841	7.29012760451
-9.60097368908	0.887118204164
-4.96237263051	-0.173100808685
-7.23528869408	-5.26711982604
-3.63870674221	-0.758531427149
2.53258739184	-1.94043002243
1.02678660984	-1.99593979302
0.214382650074	1.60020989512
3.27660995749	-0.592947565084
3.26191483224	-6.02531835506
-9.16340195771	-5.92792877155
-3.38935273275	3.1821876016
-1.92266916915	4.58288107262
-10.0965904055	1.77084955005
-2.75343888129	0.172165561917
4.01489680582	1.94351020972
6.62985125764	4.13479547175
-3.33178053423	-2.97139177249
5.00617489299	-0.0832865482605
3.96041864088	9.31333184162
-7.16364883889	0.757565537892
-0.693361530349	2.38962465595
-4.12655571991	-0.263965242359
-2.17055100817	-7.69560978995
1.37277960148	-1.47659123
2.06143674285	-1.92057791982
9.11876159669	0.0236857709711
-4.85667966456	-6.55153038523
3.68990801652	-4.77598538006
6.09054724183	-4.1222336368
0.479290241408	-0.680494699409
-3.409048567	9.90410109042
3.63881794503	-0.142985550981
-0.404151874229	-2.10634296763
-1.68659960598	3.32702508138
2.30809732883	-0.527681811911
-5.66396688522	-5.69742331318
-1.08124980069	-5.77786460598
2.48297885066	-5.23834191508
-0.752367507265	-1.93726784789
-8.0099995327	5.06723972139
-0.857525040795	-4.16547220332
4.4893732584	0.323796970129
-3.58683840784	8.4325625724
1.37500396723	0.445827860676
-7.90429354798	-2.02927984749
6.73955246354	-2.93488812598
-5.08229723336	-2.21459145401
-0.337119023218	6.82852799538
5.1343745393	1.00612404962
1.57753183674	-1.60566313104
-2.61458393916	-1.8522004815
-1.82149032185	-3.41875856507
-2.31209409282	9.18065917376
3.62281242118	0.795433118591
1.10582202095	-4.8886739809
-6.21193014034	5.69723434342
-7.40554367729	1.95453631517
1.53980553614	-1.34632742934
-0.696504357024	1.39311761925
1.80347324162	8.23413769301
9.03308095981	-0.064334629831
3.74351573621	0.0503496185662
-3.70016969065	-4.44225884296
2.25834833756	-1.95095782468
-2.32434175188	0.16117571802
2.88106691108	-4.79675920349
-7.30849168887	6.36338313473
8.51305402806	-0.988519486231
-0.34229077623	-1.81534664891
-0.893239134703	5.96827201914
3.33434748354	-4.15405047829
-3.06442825072	-3.8185312357
4.88484668472	1.19438910301
8.50041724119	-6.39391129576
9.22020624417	-1.76845969853
4.82417460593	-0.657198039491
-6.53385466806	3.47675714886
-6.6641233044	-2.96004810289
-0.235535309374	6.73207568464
-2.34105906823	-10.3722562981
0.100747944501	-1.01323808002
8.23574407549	-0.11675469144
0.903347329505	3.31462499451
0.392609425987	6.06035033637
-1.39258307938	5.98165847418
1.06647123531	3.11086340246
-1.4203236539	-8.52807947952
2.3779651882	-0.952172198647
-5.27016898416	-4.94011293188
0.774649115908	-1.12003723804
-7.56967252569	-0.817453789516
-4.33397240225	-3.72325693255
2.49583858113	-1.35556805871
0.451819540955	5.04105095531
1.16980916249	7.84718174443
-10.9390223567	-1.99674158763
3.98322356521	-0.602839286728
1.78397077036	-2.67646144587
-0.866408038879	8.24874589526
-3.3491699743	-2.43852596342
2.2931748989	-6.46302762109
3.28325587551	-1.25390274773
7.73089273244	1.25151392115
4.84409367073	2.0027810047
9.42044369213	-2.37118819025
-0.378350378522	4.6979798369
-6.50934138588	4.25204896469
-0.506264810501	7.49326716314
-2.70632941049	3.74369523348
5.33010424161	2.89797830283
1.27283561562	2.1806328197
-6.30998341921	6.87854556174
0.170210834755	0.157210304658
0.40222976072	-0.303365334856
-0.844195020139	1.05192625625
0.500773626269	-1.75295359617
-0.968848458286	3.75509794735
0.248055023016	3.09697204214
0.509109554441	2.62791061524
-1.75343637695	2.15188538364
-3.95218297047	-0.840465117662
4.26145655672	1.36678889777
-0.589365049526	-0.296000337417
3.62611465096	2.74996006386
0.522868583726	-0.119928731831
-2.43061585444	-2.42459333357
-2.69956181063	-2.22990615239
1.46007409895	-1.46362119177
4.22253394874	3.24183562627
-7.58676721083	-0.421610245039
-0.600102654476	-0.254573078445
-4.14603670397	-7.04995102168
3.07849946151	3.30719795548
5.60207625323	4.84129964978
4.18770680663	1.72500478782
0.525358148142	3.35012429302
5.55596093991	-1.37347239219
-1.98643704991	-2.6904757607
-1.32838014649	-2.87994575541
4.28579282676	1.4005246103
0.577607052235	-1.98072627951
-0.261475436907	6.43232605563
-1.51084234449	1.10239193147
-2.35497760602	4.72636461526
6.19913794719	4.39606427256
-2.62150899778	-4.96421925688
3.60713689812	-4.91816744702
-0.555465386094	4.93571707341
-4.986288304	1.0185924542
-0.311907145472	6.34170024036
-1.2222241198	0.75089944588
-4.70687677436	3.76052865038
6.88644468466	0.4054408563
0.329939269151	1.7866843693
0.165417412461	-0.556529997731
6.13684690068	4.23643336209
7.13039001485	0.848187091008
-6.97073663683	-7.37749437062
-2.67545955036	-1.56259524294
-8.75359582236	3.79312256946
-1.83880845175	-3.84525868904
7.43076697818	1.86907242698
3.82940569644	3.58755743427
4.10073856379	1.59381158836
-1.64629381938	1.53319050313
5.74621655099	4.80871222873
-0.595863105883	3.95875776827
4.32246197101	4.88592934966
3.77809546339	0.7838983692
0.672726338881	3.18545058488
0.300219289496	3.93285532701
-1.68562373111	-1.62096254205
3.39722809804	0.844477990682
1.23689671208	-0.570825277893
0.66498157422	6.26671922161
7.49246433849	1.84357927018
-0.0219766617182	-1.97553463479
3.32460805666	-4.15268047773
8.70049405077	-0.198455833352
-3.67858530493	-2.42101973676
-2.55980039257	5.83199089782
-6.16150477282	4.58434818859
-3.18662039214	4.20634938417
3.23422052276	-1.63119944469
-1.1073231099	1.90638485136
-3.42805448839	-8.04743522105
2.0178827401	5.41862922955
-2.19499149987	-0.733351687101
0.0281771849055	9.03113060269
-1.10031122944	2.60262471537
-5.8463940507	4.29145726094
-0.856602653399	1.61738188285
3.78893114236	0.825398810157
-1.07420844184	-9.67232772677
-0.605648344973	2.96314364325
1.90243788367	5.55964665871
1.71290825559	4.80475712197
-2.36255534956	-0.563945983263
7.77001527693	-0.883359910086
-1.96679654136	1.28559469053
3.13719437686	-1.60224699944
6.64769355533	3.77599404559
-0.825322243696	-0.219337214768
-1.51673026057	2.39595443184
4.48174460984	-1.15215933083
-5.35896883306	-0.651751122811
-1.45803551807	2.15418158247
-3.57365736672	-1.61303901446
2.16810275209	-6.85829524634
-0.318373293601	0.752374408801
-2.51577915993	-2.15536062414
-5.30331466179	-0.112640923065
-0.379988394	-0.887101432457
-1.45476497494	-2.52397350252
6.53039740246	1.98112342063
4.31599293188	1.42316575687
1.7686972772	-2.76567470303
-0.79321638739	3.3783478166
5.19210952533	5.3623740826
0.762075835893	6.63678697813
-1.04394895569	3.7777016835
-1.53328559519	3.45427803127
4.00439164891	2.45332841497
5.72918383975	-1.32002417129
7.10050718614	-4.66537432341
1.21145115471	-7.97827696714
-0.354086564902	6.16692294269
0.340696546482	-2.19250563984
-2.95420269052	-0.232537860257
-2.35756310753	-4.69828388411
4.34532775936	0.156766741115
-3.19208770593	-7.15157174855
0.190431558343	-2.57126030926
-0.235099260806	0.0925317539923
4.60849755081	1.36570188972
-1.01810441072	0.529380859181
0.491726890233	3.82848991958
4.50681408941	-8.26892288996
-7.48861989049	-2.10551395647
-2.52779457984	-2.28236873755
-3.39528332707	-7.86255417475
3.06232496382	3.43216849678
-0.727307180281	-9.10685954576
-3.36011918592	4.30212734864
-2.74381340553	-6.19641576923
-0.897873623306	-1.50407421142
7.16067727488	-0.179853985516
0.435746841294	6.83417585754
5.92296438387	3.94449047138
-1.28570344379	2.73350091114
-4.64374016818	10.4176414031
-6.42109806024	5.5314962349
0.0642292487481	2.03626583414
6.21136073224	2.81439168923
-3.27897532085	5.09467368314
-2.43744065243	2.70800104847
-1.30063117724	-6.87627041899
-0.984756170969	1.96496410874
-1.23501299422	-2.19594738343
-2.88746322219	0.665446687401
-0.48435723144	3.33802553341
-2.63469039546	-3.84507930488
-3.96450937113	-2.00970255932
3.67482781243	-0.304762490803
-1.12972021589	11.4761667813
0.671051233795	-4.41350056032
0.749256701547	3.3383448103
3.27597833424	3.93136458399
6.49003184005	-5.47660201891
-0.340016653748	1.5643451524
-4.49121445529	1.03669140612
-2.89164662199	-7.16740531315
1.33145795379	-2.4622236226
2.86436913983	8.78697297858
3.81610307219	-2.43284081691
-3.16690277706	0.344441550137
6.97732771584	-6.22542502471
-2.18818438259	-2.62884916795
-6.51488697928	-1.86901872226
-2.30504030524	-2.72384962137
-1.4222790382	2.61071834069
0.873549907052	-0.967014777048
4.45689690829	2.81569503941
3.86092627803	-5.24526310367
6.65784331639	1.0142296597
-3.3677705353	5.66156145602
0.93056096739	-5.22021488223
5.70059755989	-3.08691365937
-0.276597607412	9.02959359797
-3.11270604657	-5.10817883796
-2.55892201939	-2.40362369804
-1.41022332212	11.360683348
-1.49979612917	0.715942675282
0.643762588425	1.46985473771
0.529526951668	0.858780194592
4.67631739436	7.32651561558
-7.8590152926	-0.278269457676
5.21743488047	1.41762259668
3.22561751837	6.27256399192
5.45676744825	3.8791742891
7.62953135828	0.344347222283
-3.36315536311	-6.98322001619
-6.46897784693	-7.76888089311
-1.85274869875	1.35765313369
5.59671092482	2.05741151692
6.43567566779	0.925579169754
3.27995611873	-3.67820432431
-2.00559783026	-1.41319161259
6.26292515821	2.78552074972
-8.15413032658	-4.93204508337
-2.45504081397	0.36457038529
-1.19218895016	7.36505337791
-0.960034126388	7.93988267783
-2.25169243615	6.00141534326
-2.9235932101	-2.16791241595
-7.66332343412	-2.23998879845
-8.32847324278	-0.341740882625
5.48223406081	7.41038136222
7.47963452179	1.86794058701
0.972306197705	6.76859323848
-2.71336668409	-0.601738782994
9.16294050157	2.8478599905
-5.76082066279	-0.720182881833
1.13720519103	4.55570736318
-3.93928444941	-0.994919506853
-4.61986600373	-5.70514632635
-0.0593113528336	-1.55983067133
2.8294778884	-1.96124390305
4.18095975132	1.06224137084
-8.7666515959	3.76811283723
1.23249478633	6.93816892756
3.59624420699	2.64160868568
-0.451329522289	5.29044892431
0.920138977867	6.74987387774
-4.31103615142	-8.11604411571
-1.41238447507	5.05380844089
3.7632943686	2.3253233305
-3.04429281771	-8.03650164523
-4.7337317603	-0.87532489106
-7.59182678155	-0.262665417405
0.475542496602	3.66620116086
5.35156140705	-0.133357363455
4.22874282394	4.30181795756
0.453798926665	-1.50194021644
4.0547434144	1.27836151821
1.21708351482	-7.97210472588
-4.2394368732	-8.10429146436
5.22715097068	-4.69364589027
6.7238045804	-1.11597415066
0.586009393463	-3.83601825975
5.0808589004	0.0488145786931
-4.85500096286	3.89312303228
-1.84491149707	1.68472983803
6.09040439637	-2.9485831861
-2.88799787675	10.5985437962
9.74831479133	3.17609893436
4.46768267392	-5.66941058121
-3.95183360501	-7.22828737259
-0.627686614014	3.36613840018
-6.02306334935	-0.61921672656
0.610352887526	6.53503061212
2.23740314567	-6.95225710561
0.195160486314	-6.25924810431
-2.29610351465	-0.183990785881
-3.53519650227	-1.10698225474
1.6406238731	2.1477215793
0.134152252868	-0.145796626876
0.89517985178	6.68256167032
-8.27748031877	-0.367263000758
3.75249466421	0.697086704635
-7.35035935428	-0.181901861276
-5.42696855667	-4.91791472512
-1.90016256683	-3.7738638828
-0.637540540774	4.86795778216
6.64598636804	-1.32686643577
1.69058440159	3.53295206167
0.156256911847	4.86963227367
8.1064552248	0.0812039334301
-3.03702993555	-5.14098263946
-4.71653075617	3.93445916169
1.07876533322	2.17664313313
-3.5474054935	7.67262382103
-2.05775617833	-3.06103998798
4.17829117407	2.82041225535
7.18476626922	-2.02068899931
-4.17543513874	-2.41804955593
-5.48897484576	3.55797224047
1.75154502109	6.03256369363
2.03755310221	-5.78498809211
-3.20240563107	4.3251294107
-0.299269035754	-0.534879109219
-3.59458656731	2.31615393163
-0.0921977767621	8.60128892351
2.75349834715	2.24572896872
4.2561065562	2.71891732906
-6.90207824249	-7.3717773565
-4.66992040682	-0.752872090857
5.05165368502	-0.829300382603
-2.27907392787	-3.13862255373
6.96818500268	-6.11904136231
-10.044979598	-3.37324339094
5.59950990594	0.172416781356
9.11053942335	-3.58462615852
-1.68051784294	2.57593437913
-7.53997433514	-1.9728579247
-3.82674378482	1.74747536956
-4.65697729793	10.4273737529
-3.6875924473	2.01844035136
6.6934579293	2.70506830276
-1.02935855772	-7.01172621133
-0.0910787947747	8.69774289072
-2.19525077181	-3.99826236427
-2.937713794	-0.822063603578
2.81092034133	3.56916950734
2.03425603953	-0.926603071615
0.172372742957	-0.145969271826
-3.13983073119	-1.25558718953
0.771175798475	-2.24516620204
-3.2180359009	5.94050794765
-0.678023665203	1.60815535392
0.532320792645	0.629318419936
5.61191402879	5.03350098101
-7.23603734279	-2.13377432033
-1.87729226789	-0.820736538889
-2.80217916084	-2.91438630556
-0.295889229571	1.95961273778
6.12404491873	-9.51473775042
-2.97666408777	-0.235354393054
-6.85739565083	-7.45966864257
0.0911398701349	-1.08743280472
-1.13780268127	7.43414696912
4.11123261836	4.37983639371
6.97754942217	2.85633595185
-2.49473160616	-1.44216606119
-4.12258872953	-4.92287751531
-4.85233412774	-7.16736166434
-5.47718673017	-2.03443003442
1.23683852165	-2.12509215139
-5.41932169827	8.08171056287
-1.08014768213	-2.94191811224
-0.641735142395	6.96281098443
-8.60239106611	-0.490710340696
-0.61236066196	-5.48260768007
-1.18420173722	0.0127750129955
-3.67457035063	-4.02245552223
3.07016305767	2.31318293984
-2.86083648979	-2.90088543137
0.455634093094	9.00256026469
3.55666808792	-4.82228226453
0.779975232527	0.565216842312
7.58383693942	-4.14579808395
5.44379081335	0.996793510721
-5.73868646656	-0.611561556698
-0.270996075726	6.1104299909
3.49862451404	-1.28734393224
6.28314593051	2.79572172733
2.87124689453	8.79162309346
6.577028567	1.5210014213
3.52433432032	-5.71565877451
9.76488566773	3.18574145386
-5.71874829954	-3.90546425428
0.480249945847	-5.50663293786
-2.15325524526	2.99849821127
3.96594292836	-2.56473756582
3.54354944589	3.11752705401
-8.16707479824	-0.392052752207
-2.3849187839	0.195491457342
-7.92622092619	-0.384290353105
-0.755727948754	-2.93109077945
-3.96736227045	-2.59623769909
0.308434514405	8.98508488251
-1.48838454761	-4.60472351036
-5.99697188086	4.62200054054
-3.21553580774	5.24141747586
-3.26876769067	-0.910456539403
-2.84360515658	2.14133728043
-5.45616825323	-2.01082529423
2.87401469821	2.44034459384
1.03404261539	6.83486133206
-0.020502655694	1.00276785167
-3.27840440771	4.22691608268
-1.03218829621	-3.86581025599
6.91191413053	-1.46387305288
4.55961188652	-8.21917336143
2.106911342	5.50243477155
7.43354802093	0.426001168826
-3.54571788429	7.78737522691
-2.60965979192	-2.48987524051
0.560796723446	3.9595769066
4.8683722693	2.21889726704
-1.789798677	-2.49934222796
-3.35887948485	-7.98991570514
-2.16814425973	-5.23729950148
0.169503461271	-3.27623038564
-2.13217687088	5.07405768924
1.70876356551	-5.39425050503
-0.202235069078	-4.47236602985
0.528772959537	-5.71759168373
-0.990445304977	3.91174196347
-8.57798071736	-0.28128875053
-1.3876720453	2.91458172328
-1.22664503164	1.39168448722
-0.926100057882	8.01682093697
-0.224164555664	-1.76273657721
2.33971621874	-1.54023630383
8.96721720348	-5.9598522233
-0.560610379779	-6.74887467208
6.61705208711	4.42120564969
-1.93670490083	-8.16285233952
-1.22428882322	11.4562897006
-7.68563629853	-0.247136772347
-7.54780030232	-0.280811377002
-6.56302912429	-9.48053277135
-4.29123776652	-7.1230550649
-5.49887994831	-1.32944985186
6.13603984013	-9.52133313093
0.120764001112	0.719531375064
3.42459536616	1.59996366453
3.0750295374	-0.707843695818
-4.70329560139	10.4347827508
1.42776347447	-2.32376780773
8.0948790451	0.0892577883437
6.96620865904	-4.68450822798
-1.30375097703	-1.07272008093
-0.274146367302	-1.08383329494
-5.94941035845	2.62058705158
8.13507333684	0.486332830723
-2.73551438249	0.0625898283219
-7.80986254712	0.217018287814
-0.0196048975541	1.63941587595
-2.89819427295	-0.452193009022
5.6946671529	-1.44499895469
-8.82014119252	-0.0536058593839
-8.77427924519	3.77807725559
0.472335040996	-8.6212978044
0.730850208336	2.02802457221
-4.67548465607	10.4277174226
5.06169370857	-5.80163563838
-3.20822527107	-6.47435356164
3.29699500177	-1.9912619892
2.72940475191	-2.53114126603
-3.67693085904	2.29634974889
3.35062780163	1.47858556603
-0.562354581692	1.68482095952
5.54984372715	3.95541791963
3.47679652912	-5.93490373329
2.40085163737	-2.53503405974
-2.11660433646	4.96092046613
1.01850346548	6.82297049982
-3.80820047675	-0.116793298191
7.15072593067	-1.09236587168
1.54590936874	0.608048868307
0.0787454182528	-0.139492693067
4.5559437014	-8.24240307458
-1.0137068186	-6.08845133063
1.66800689161	2.54340312418
-8.26065144764	-0.407792707242
-2.26800506606	4.4212880237
-2.70999131444	-5.16260357353
-1.8168138858	2.61791016147
7.24715544432	2.73460400009
8.25621489651	-5.58643946601
1.12552702832	-0.81744820828
-6.07647064488	-0.107524209418
-3.58764158666	-3.54109911658
1.40216757374	-1.5895570561
2.29877123985	-4.50166182938
4.79927053405	-0.352927571533
-2.69727201812	10.669336053
-4.82318084132	1.61857781264
-0.606858862338	2.03093369543
-0.165336758171	8.43714300561
6.39214359686	2.56765892307
-6.76590139864	3.12039222743
6.04363270222	5.84385428681
0.415195521508	-4.0152255618
2.04987583367	5.06410866492
8.96664150124	-5.96347484854
-0.789810116338	0.071620449346
1.61981791873	-4.0236630379
-2.28245529403	6.12844952865
-2.20670569822	-1.63262380941
-7.06118071874	-7.36611717309
1.52837075444	-3.90563218778
-2.65662956984	-2.93095906043
-2.40548422041	5.8286526875
-1.07998033554	0.427865767937
3.51514042508	6.76339476826
-6.35031792628	5.6605628983
2.41357692192	-7.07712468611
-2.84019822456	0.673648049969
-6.63213335979	1.84113185475
-6.12876726727	-2.50159160271
-1.78227647841	-0.978289764669
1.73316637534	3.58656261858
6.06427216878	-9.46618605136
-6.58499438886	1.7904096812
4.55371251003	4.13620287828
1.14880596729	-0.357981268949
-7.62652314715	-3.04949445702
9.54695659946	0.740254707847
0.032060726236	3.13059414325
8.85840117642	-2.2237900891
0.246299398836	2.08882638731
-7.1453149514	-0.689905292572
-1.04943960981	-9.75001086905
1.75593959114	-2.89187334202
-7.03652087835	-7.39874006409
-7.57348184579	-2.81815346076
6.74488821997	0.623804159671
-4.37760159131	3.41992019108
-3.20666494076	-7.21309881781
-8.5827759514	-0.177624762615
-6.3568767022	-2.63156610604
-1.95462921403	0.824968527709
-8.29111974385	-1.85647525468
3.26189223264	3.3891586943
0.91189759536	0.246946908701
-4.85799853915	5.18531628443
-2.81751963186	-2.30782428556
7.00404327478	-6.26639353707
2.69271742544	-3.14181371642
1.95599778163	5.43893632261
-1.12850763704	4.01960926989
-0.438082797717	4.29181478199
-1.78116697133	0.272033368895
0.856381448441	-1.87972847937
-10.1088447949	-3.36520884452
1.28723063342	-8.00052983369
1.98750019257	-0.0159258719731
2.80557519301	-1.2071619191
0.699719757771	-3.12428063774
5.85498620801	0.491159450537
-2.0799633256	1.47396420788
0.609083549408	-1.89108803423
5.69585007269	-1.48380420941
-3.09147464391	-3.64120499599
-4.79587411881	4.17821575553
3.52600411251	-5.70445889855
2.61708695643	0.717355789928
3.84526411424	-5.35834833098
0.25486085535	-6.25714019871
-0.438097895363	-0.808783853606
4.94813804146	3.35138495055
5.97837249778	4.93281289249
-3.91237882987	-3.69145774331
6.58180245652	-1.18266429668
-4.02900308505	-3.58990738261
4.63733456303	-3.88584273302
1.04704059425	6.85884493639
-0.988802642495	11.5516931021
-1.30780219134	-3.16465607579
3.51124651965	6.78146505641
-8.54765232599	-0.385659020951
-0.0888132728073	-2.75319797942
8.46839823897	-1.12978509844
5.33318167094	-1.74259071462
4.73980378701	-2.61439079404
-5.41746176384	8.12977805524
-0.975348688136	-1.13406535459
-5.55720699886	0.427756536847
-1.50123084369	3.221716923
0.658560875658	2.11595780565
-0.316214146634	-8.9388634768
-5.76874115237	-3.8180925887
0.934201740394	-1.107706363
-1.24294873944	0.450397291011
-8.13863595668	-0.704218731812
-10.1010070447	-3.38008286881
-3.13579202497	4.33828915975
4.57200906891	3.52134000922
-8.18271216608	-0.32181674654
2.87802406796	8.80152236353
-3.082108016	-1.19458426448
6.81203802503	3.88866962414
-4.54984923221	2.73309865734
-2.03837765161	6.33908844254
0.803882440877	-2.48785220381
1.35292296685	-1.99450913903
-7.75385071137	-2.45108392301
6.11208223935	4.41415191099
2.17904282919	-0.633935365994
8.15292016428	-3.70509421806
3.05349736139	-2.55708119615
2.04262688996	1.07430942437
4.59256964484	-4.09724345731
-4.71214583414	-2.3895642376
-5.93088897211	-4.50442774364
-5.66062838029	-2.95141467894
7.25015299355	-0.385441936039
-0.199800985416	1.13922430913
0.958706633843	0.323907613699
3.20211267571	6.52392590678
-6.51469946686	5.72104666373
-5.44568422328	8.10265296766
2.87845071033	8.79943123253
6.51878254562	-0.0987299046223
-2.79471724927	1.56844633256
-3.49395752007	-5.88809353864
6.56373550957	-1.74426142812
-6.64919339765	5.2317407902
4.78617122002	-2.69784501583
2.92522381826	-4.36454865403
3.34774599406	6.53253214709
3.97717750508	2.2021877771
-1.88781416299	1.49533447894
-8.10789799002	-0.217651548571
8.36300637455	1.77533755936
1.57630232442	-1.87747477912
0.932968402924	1.18946925203
8.77573732369	-0.240224237415
-4.17691816087	-1.52495171559
-3.55565098549	-0.196895037479
-0.616538732312	-4.85141652188
-6.97744119665	0.313077293169
0.444304034274	-0.585500438721
-0.0665670242075	-2.36303073662
-2.0927119645	-3.27611032758
3.89052314399	-1.34297271783
1.68279503703	6.07032431806
-2.07805000958	2.48089141542
2.27062252597	1.21789717797
-0.392079853156	9.41999899419
5.44179547622	1.98678631276
-1.7156530679	-0.134449763122
-4.45547097416	-8.29656939342
-5.80831430778	-3.93209421495
2.45317225758	5.30689231491
2.51046201101	0.721248624003
-1.88286611792	-1.54546749283
3.33696608542	5.68171984267
2.8844305479	8.78731894568
2.06767462781	-2.66242485198
-0.990819403769	-0.364586621528
5.64904053892	-0.506650200755
-3.10183299475	-1.74114066313
7.40289615739	-2.73670681227
3.97153515198	-0.213104285655
1.20918518442	5.19272823988
5.39917920443	-5.01814811621
2.17341859843	-6.89738627007
-4.17096055651	-1.21941628255
-6.97191248143	-0.524165471241
2.21382868825	-7.01714671144
-6.56497599257	-9.50438482067
8.29131930441	1.62845499899
6.16872574334	-9.53065431005
-6.54971547042	5.86081946542
3.79234126387	-6.92367917756
-1.37158956635	2.82827779235
-8.21956946096	-5.00844338725
-3.58126791053	-7.3586900893
-3.66793571361	4.58642765211
0.145848023672	0.0771334238319
-0.0665410321494	-6.46470758207
-0.958004267172	-4.00848908471
4.83867646362	-7.78597411674
-2.69643051819	-1.58658096547
-2.34648476881	-1.34553590186
5.95076123332	-1.55732548897
-8.19293580085	-4.90559388182
7.38220220826	2.91420010077
-3.79793485026	-0.279451087885
-1.97537771235	0.903702370248
-0.0476154342166	2.75836420139
-1.08021663209	-9.75195316291
2.0858036207	1.65324806609
-7.03809214938	-7.42102060588
1.64058158671	0.123083563089
7.87449816701	-0.7446197792
-10.0644568711	-3.36013936794
6.01670671659	1.92644698639
1.15145742425	1.0629572793
-1.98773637766	-7.53291911464
-1.33459401548	4.20942966132
-1.26911829487	-5.29724896955
-2.39348166032	-4.99053708983
-0.207317511279	1.4270790069
2.33849989075	0.0907704086395
8.35448001658	-5.60537649232
5.44321329101	-6.93283862746
-1.21604772107	5.35166111728
1.98595996795	-2.08502490424
4.53475109138	7.30913148924
-6.96871424368	0.137117339487
-2.20752694735	-3.09348412625
-0.653164167896	5.39287774111
0.024402364183	8.58782333888
0.216454274144	-0.646760623734
-1.10713940772	3.96092173442
-2.90852387011	4.33330202331
-3.6626512528	-7.80978273611
-0.877396092092	-2.03785846063
0.667473829199	4.92938893298
1.54361516883	4.07358664357
-0.494919833739	0.395442212599
-5.26767773231	0.91125201068
7.19709603946	-4.57790975555
-0.439652408658	2.85753120696
5.54112671793	5.1064942334
6.24538347958	-5.37524222469
1.33341690882	-0.199329621479
7.59004620313	0.555507127111
4.53259684669	-0.428304297107
-1.64589495571	-1.52205519551
-0.165170609717	-2.58804927855
3.06130228247	2.74568416602
8.88398544735	-2.23548399816
-4.42725822928	-3.88269851578
-2.12809539464	3.58020549584
7.51546233964	5.81736642269
1.54460222018	-0.298423150759
-3.37955355525	3.18108022778
-0.968862818765	1.0840203375
4.41885903897	0.696816142371
4.64326264934	7.32235427062
1.90000790202	4.98473749768
6.72533452655	2.35793404324
5.378544131	-2.12509196991
3.01432252131	0.45004664654
0.919902362644	-3.43813484901
1.21692307227	-2.85730514499
0.710242294848	-2.12023385772
3.41699955258	1.13200757786
0.961091970189	6.96319495151
2.92419282696	-9.01607654335
4.86622565934	-1.97869970501
2.53175046363	-7.15951024136
1.65726925597	-3.12545586874
6.25739902334	-3.05441726935
1.46864468321	-1.2333494685
3.86342746237	-6.90057003593
0.817969941075	2.48018235103
2.23142795738	-0.110975883195
-8.22904604199	-3.36157045883
0.468630286906	0.829998250098
-1.79515830857	1.74609913629
0.116360403858	7.76829683008
-3.6872823735	-7.1623104898
-1.05381263049	2.5106330638
-3.19649135252	-1.50846829178
-3.99524256688	-5.01464838763
1.68083824249	2.76374053937
-2.52619472046	3.31314775204
6.40645518295	4.38542425686
-1.11946989333	11.5175002521
-1.91066180562	0.529758469452
7.08198550162	0.242527423548
-2.8509906753	1.31140709814
-1.07374916171	9.06850646673
-3.59580002294	6.34706567537
3.76179216558	0.707793269648
0.815303518907	0.384562081423
0.132096508142	0.53338443131
1.50900190938	-0.824771779046
-0.934854353639	-7.15534591203
-2.61450369498	-5.40889074173
1.15893399962	1.99390591319
-4.00776467758	0.7173656873
-6.55434679939	-0.797110343077
5.47514874137	-6.96915027502
-2.14509316074	-6.1985555649
4.31921250945	4.99101026038
-4.65609213037	-1.1392668375
3.75400343259	-3.51337471065
-2.3360400341	-2.67597865159
5.87069292121	2.02610494996
-6.590224045	5.09421252481
-2.68299785575	-1.02797272177
-7.20663078534	-0.483254102457
6.61685868252	-6.23814551206
0.259814430948	0.879384551732
-1.44154337033	-1.54011778075
0.463922975371	2.84871578567
0.72480988025	3.49317083901
7.86237816987	0.317835548978
-0.782288250927	-1.56444837829
2.76440277775	6.26577912736
-6.85042052138	3.08345043331
-1.08198275987	-9.80190519645
-0.420566707684	9.12598662211
-0.23348196232	0.21585134852
7.49181085789	1.47633617881
2.24917122373	-0.894178247776
2.74456421245	1.54611790109
4.08067683962	-1.31551026507
-5.78355437493	-1.17112039314
-7.61441182651	-0.45651957983
-0.837956690112	8.75601022432
1.58256334592	2.12674265706
-6.28822716943	-0.696346649273
1.20947088711	1.42460117488
-2.99682583679	2.17487299919
1.59576936953	-3.33575172817
-2.69219431342	2.80069846977
5.15940173172	-4.60848999293
-2.94652891022	-0.937440216408
2.01728163649	-1.40329981017
8.71471330695	-0.429494646778
-5.08547124601	0.578384987696
-5.72721840179	-5.80168971441
6.12699826238	-9.52674313815
5.90231471643	-5.25348157687
0.356270534251	-2.68118485386
-3.00328981597	-4.59141704516
-0.241257813632	-6.46358266461
0.554398437121	0.0990895213924
-0.54340672798	8.86292908857
4.44264252148	-1.2177981793
-7.97210297175	-0.187392934506
1.93189912027	3.9081463251
-5.21310622723	1.83103999473
6.90479445458	-5.5927600552
-1.78452069103	7.51995474499
-4.81406023259	3.77364549628
-7.83922940531	-4.95673431347
-0.893350427362	-2.60557283135
-4.26059760061	4.55230875375
0.607345306728	0.0562881296499
-2.89046171321	2.00881072628
-1.04223043453	-7.08740990252
-4.52317024711	2.43376919232
-5.53992582529	-0.536006019806
0.621278989223	-1.1431046811
-3.56268452291	7.71167263816
-4.50484868847	-5.93300652981
8.87768645243	-2.05195653516
-4.64318698294	5.92927246133
6.87444456955	-5.76762406063
-3.34603973683	0.957966429798
1.65684425146	-1.60620495759
7.13434499717	-0.181381463888
0.20883019836	-3.42930895324
7.0874931093	-0.818269114151
2.87262302327	8.80528619016
-4.70500530488	-9.81566167613
-6.29601853945	4.03565201401
-1.83613850108	0.146903174398
-2.02543705369	-3.8411962793
-0.425005425622	-7.77677868722
-7.00652663032	-3.55498256914
-6.58830122205	-5.37416631208
1.13495487227	-8.02562415667
-1.40133923373	-1.87654104627
1.32969425993	-6.82372591872
-2.64356055282	-9.88543516828
4.01379866261	-6.81719935687
6.20851689916	-3.00604040324
-2.00236688527	-1.9270777399
3.56500286375	2.884678794
5.19748498544	1.50914775806
-2.75173341769	-5.1298626407
-1.06891313213	-3.23924857132
6.19337383787	-9.51460041518
-0.191255362661	-1.66035027392
0.0733147886004	9.06804702615
2.92214890354	-8.89968254015
0.0211984968887	-4.81093907933
1.60091091758	-1.42127108035
-3.50808261385	-2.58400852533
-5.64386682287	-4.07813121174
-5.98769727613	0.801810286584
0.358454169432	-1.42570731221
-5.51266266224	-1.49938850389
8.56825570534	2.15409102668
0.062180996875	-0.156932466213
1.49358563002	1.26463682963
-2.76196052952	-3.97366091881
-7.02292455089	-7.41848483664
-2.88458608502	-2.86376860664
4.28358568311	5.15594289669
-3.97286777351	-2.56618007176
2.72347949518	-3.68686527073
4.13919482134	-0.0874741127994
8.00192719764	0.0418439196527
-1.7759328864	6.32830267127
0.0268968576403	2.24275993122
3.5282694718	-2.64014457837
1.94281397613	-3.64939423646
1.72272558603	-4.15308265921
-1.76310479744	-3.28849533297
-0.675697036265	0.901549157025
-3.53040588219	7.5202511069
-6.81934103271	5.2029152082
-3.53810283002	0.926049316057
-0.869478787672	-2.20025530792
-2.82021745718	0.985909159848
8.16166659555	0.538310020871
-1.48074076639	11.3584073736
-1.38791721065	-3.9769939533
-3.90077022549	-2.67745883769
-5.29766113572	6.50086172993
-3.13197595564	-8.24851242194
-4.44483190076	0.0350234877335
-4.20906391143	0.696696092242
-5.45282502125	8.11721936544
-0.971174107668	0.83980746112
-4.72544119661	-0.931235762001
5.53672623742	7.47385720323
0.720136398593	-0.203536270485
-4.33295971006	-0.688436921124
-7.16241219161	2.40655970285
4.38965273619	-4.50558791679
-0.262944050509	3.68024450353
0.5953080191	-1.61992352678
-0.108055119427	0.544897579757
0.634638579804	-4.02327912764
-3.65835582958	3.25753051115
2.88354724544	-0.416034874102
6.49138848075	-0.781218787526
-3.66771301296	5.49943109217
1.23954855671	3.32282486955
2.68473057818	5.13688564088
-2.53194802278	6.01605916382
-8.14157062355	-0.223299494291
4.47199967315	-8.33603380965
-5.43613551424	1.77271998041
-1.40156731191	-6.94844456368
2.67450216407	-3.60530979178
-4.66090006435	-3.51985330275
0.563086302873	-5.85295805505
6.31596479651	0.829689560547
-0.442311851647	0.144665621614
6.70107051248	-1.44739911333
-7.57170251071	-2.01839386903
8.04061516551	-3.72511311335
2.52328649639	-1.13310746204
-2.70191024988	2.90252907719
-4.50505988027	-2.06673924683
-1.28669951581	-0.0821148619993
4.73792185862	7.43943965046
-0.392044194273	-3.16508774174
7.19873031287	0.692297528639
-7.78808793767	2.74739295328
3.97754251545	0.852868264956
0.348081165278	-2.53367511764
-2.89125376982	3.66240788459
-8.69053717051	-0.126787753862
-1.71260567219	-0.691270593431
-0.0675967425267	-3.63385317579
-1.65268094122	7.49768599364
4.58310062739	-2.24386043636
-3.97155044395	3.12111463426
-6.45061648009	4.38483005613
0.546217252078	3.96186629396
6.97020350817	2.03827976982
6.82163128614	0.517420668153
-5.86248040565	4.73375550142
9.36272338852	-0.495320318118
-4.81725813559	0.877609242337
-5.0552765886	2.14572191426
6.43327548541	-0.976454449657
0.469181201328	5.68668436271
1.89705343895	-5.95914333556
-3.85657676417	1.4739870959
5.60433263545	-1.39486227641
0.252418521646	1.02204107041
1.98105423611	-6.85342192466
-5.59782159317	-0.035817260547
-5.88198301028	2.15076241415
0.498510000334	-8.76509219325
0.652317056913	1.60206358035
-0.828698010816	0.722603240362
-1.81256689151	-4.31062272658
6.60424424656	0.356870650981
-8.50890523178	-0.192951749681
6.05898775558	-3.00239874564
-0.514550944099	-3.75465411905
7.73709590191	1.97728127377
-2.66569033756	-1.81225558816
2.21461867934	-2.04085728959
-0.279558300208	-0.282265655901
-7.60294451507	0.507344493779
-4.89028292883	3.41071511358
2.19305713575	-3.0803310172
-5.73706107266	-3.92178196485
-3.88561747072	-1.99483782524
1.6116863287	-5.30742954062
-4.85377170859	1.47558690603
1.69099932256	0.777359219215
6.66142498883	-3.93272580572
0.311418252804	-0.843069167021
2.33204790291	-5.02139186972
-0.331413330198	9.58475578601
3.2872495523	-1.50391990109
4.31828029795	-1.23793374618
0.986403160514	-5.20838561009
5.27629835607	2.64748197844
-4.35089143724	6.45010913753
8.25120525843	4.49536685317
-6.73181213787	3.36167255293
-1.25450342952	11.3959839496
4.63590045347	0.821426572136
0.250118142323	8.8903454231
-8.86801043154	3.86749310414
-0.383033600438	8.95888946881
1.51867416953	0.65705992798
-1.6423561625	-6.77162248877
3.64755388684	-2.10898976913
-2.04999719531	3.98400811679
-0.903093314022	-1.2046021366
-1.51328355817	-0.497588350901
-0.742506489157	2.63516316256
-3.49006567005	-0.604539347878
-4.72142003092	-2.79414689191
4.77151391452	-3.79164675454
3.81919349107	-2.60917138494
8.77329816195	1.02252551774
3.03932320498	-0.0262588317448
9.48967878267	0.580048030573
-2.14616641721	-2.85759306459
2.07975988628	4.3023155178
