60276738
29928107
60145670
15892488
18497545
16334865
33619986
770067
26755102
59736098
36156763
28459047
17940536
16859194
14188605
19349569
45957211
17662045
39059557
43434093
56787055
17907825
15466610
30589054
18120833
34963607
52887704
28393628
47841439
18661539
40861863
18170024
2654381
30026440
23773372
16941245
32533686
16679110
16941255
15433928
16171209
54591690
15843535
52904146
52232410
20889830
38027501
35143918
24204669
31473939
61276450
23511334
36684082
20250936
20234554
42320191
16960225
17358903
21021019
31064413
26771808
18792801
46678379
58524026
24756603
48087420
18989438
23839103
14893442
18940294
40993161
6014322
19972507
26149282
30638504
17744297
46514606
19612080
17842612
16875959
17400250
23839164
43794881
23445960
15712716
18842061
55853521
19317202
28213719
14205404
14385630
14238182
21135850
21217772
19202542
21840371
38035544
46055955
22610453
46662169
30278173
7766572
18760237
14254650
18367037
20578878
20300357
7766602
35947086
28705369
29098587
60097116
46798266
30736991
36749920
25199202
22299252
24625792
28607105
36323978
24019595
30883949
30573202
46645909
16630428
60146333
21660318
17564321
33145511
44171946
19841707
40452782
22938287
14762678
56935104
9667272
30065358
30130898
30655197
15237858
55116518
55870184
40174313
7291632
46809845
60130038
34030334
18645768
57148170
28869390
23167764
32464187
21365530
47727391
59900704
17335086
26706748
54100808
18678601
55886667
11010892
30622546
25412436
15418205
59032415
6013792
34964329
43123573
39855192
46662532
24265605
18350982
14205831
14959496
24167312
41599128
6013842
16843672
18744222
56820649
44336046
41796530
35931070
19940307
31430137
50365400
28181465
16745434
51332060
59884512
59950049
26018798
23380980
15221757
20104193
48612366
47825939
14795802
20890657
27988067
42697776
30655539
52593716
53167159
28574777
27968572
57361469
32556095
5997632
34849859
20186180
15442102
46646342
40092753
24020053
34849879
14353498
60032098
18023528
46695529
39453822
26068097
47997121
34161800
14173326
24249487
49530009
59868314
18220197
20006055
27575464
21365938
34768059
17974480
45340195
37422293
11404502
23235449
15074523
47367388
8743802
19367136
22217973
28640515
54052102
14861581
28296467
26576148
55690519
16337796
30344477
18679075
30885175
27149627
19465535
53003584
30721348
31049033
16074061
46581080
18367833
17859936
18548067
48579950
25937263
19776882
48104827
58639743
48399748
30590343
47161580
57132430
46776558
16598422
18105758
18941347
26998342
46679462
19105194
21366189
55068079
59016632
20481472
19432897
16582083
38372806
24495565
15631824
24118737
48825822
37094881
30901732
59868647
50677238
15517179
28607999
20350464
14419457
26084867
31573510
51316231
28116493
59901459
34719255
22808089
27936283
37701150
20071989
16893494
31180347
23545404
31655487
17925699
14140996
17368649
39994955
55084623
28231249
16860757
28231256
60245599
29574752
47401917
28362354
23152245
17237630
30606977
38356613
17024648
30017161
14812817
30819986
16139933
30820002
18613939
35948230
14763720
23594701
14894801
16434906
14173921
59983586
16123620
21350118
43468524
30590712
44205819
15746816
18646785
28137090
54806291
30148375
38782748
14599967
37177122
49228763
58607397
17762088
59606831
55379762
11339572
37209909
35800894
41469760
36554562
48072521
51267402
15335736
21727059
48564052
22513500
31639391
2082661
35424102
22808423
21468818
34113392
46663543
13653652
37062541
54364050
17970841
19138457
5998492
45369248
15910820
41027494
16271284
20776887
41863097
59836348
52823997
39126975
14944192
23087044
37193670
39258055
15615944
11700172
23627727
52971475
47990741
42272732
19318752
41831420
22071275
22382572
21022714
60082178
41420810
37079060
19859480
19023905
60162395
11037702
41846822
5998632
15517765
58999137
46401608
14813258
27625557
17827928
52496481
28264549
37931112
24152176
31426673
15255666
5655572
30738569
24758411
15042701
60246158
38242458
38160540
35653797
19400876
14993587
14469300
59885749
59553481
48253119
15632581
19515590
24496328
50304716
17746124
30017745
53250266
52627691
6670572
48515321
19319042
45222148
13650182
17926409
25921811
36981018
9193772
26593601
22202691
16910662
27461959
16304456
29968713
29526352
15534418
22104403
42731860
32819543
30427480
16402781
32065895
19499368
40798571
18565484
5065071
25020785
19581304
20023680
46664073
27904398
20449687
44665240
53987751
16992683
44779948
16697776
18057649
58771902
15190468
7686602
44955383
17992147
19466709
36719064
60082656
41765348
20744684
40323575
54245119
45238784
18172424
22546955
41388573
6031902
30296608
29608483
51071542
15944247
25627193
17500742
57641543
31017547
19860050
44534355
16321108
38177365
23726678
18958945
17468005
29641321
34638443
28707441
28346997
19057273
36353813
46893709
60082834
37735061
30712261
8096422
46664359
14174902
15633081
17189575
15942093
44468948
15272670
40788432
46664418
15485669
14846698
32246508
21383922
46746355
60295937
15862532
17206031
54954796
42322746
59902781
36703038
18254655
35015493
59165514
25578316
48089472
34671443
26324111
29576030
30624609
33393508
18336613
13454482
31902575
16092023
17058681
23759741
59886468
6949772
25349007
22514580
41487257
39209890
23514020
30591912
41257897
43371436
26397625
46656671
21580732
15947594
16042942
43928511
30690253
20024271
7113692
31001565
40209377
37866471
17304562
43617268
21679098
38505468
17566719
17583107
14846983
22006802
17107988
17091605
17353751
46697498
50105380
48401463
45780024
42437690
32263227
40111164
14093381
59935823
17124435
50285652
19543
40062056
23727210
18484339
21630123
16474644
60460156
19958909
15928449
17353859
26692754
15289494
21417112
25578661
15862955
18468014
29904071
52169928
53234891
46664909
30551751
22703309
41651409
37227746
16469219
6016232
23104765
30723326
19696905
17075468
19893528
36509572
18028421
33934625
17315718
28396838
15748404
43289911
22170939
50351422
14142785
32738631
14110026
26171278
19795303
27528561
27413876
47975805
18402694
18451850
18075021
32509328
54414740
15584661
22629794
60165542
38063528
59706798
46812596
19795388
6032832
39357890
45174216
40439259
26643941
52612582
38784487
47533546
48745964
27910738
48074225
21892602
20286972
28429829
28036618
57445902
39636497
17976863
37375522
17042980
17059365
5656102
60755498
51223222
20745793
42749506
24153673
51564112
26545751
37719643
30953052
15421023
19205729
20745828
26955366
25103977
21614193
45026932
29560453
37834379
25120400
50400914
15928979
48549145
16486045
44125857
30658210
18812583
17288874
16895664
55539656
17174203
38735549
41406145
18910914
52481736
9162452
28027439
27135269
20549344
20631269
35229414
53792502
20582138
25546493
22155021
22384399
14389014
44945193
38899505
32460594
28954422
37670714
20631363
31051595
36474700
39931727
14356308
23351136
33001313
15458961
30740328
22646634
53841773
42715146
30723956
46550904
21729155
57069444
40816518
35524487
39341968
14520210
34410392
24219545
36474788
17026981
35082150
15208365
21516210
28102579
29593537
25333708
47714253
48074707
17911773
15372257
41390054
16060392
18878443
41455596
18403314
15716339
30347252
17043456
33837057
52432907
41193488
23580690
17747995
14307363
28364839
51187764
46633016
60018750
21991490
39522374
52629580
19009615
60346449
18813013
14209122
19157091
33951852
19402861
58478702
26824815
22089850
15634560
20205698
34820234
34312335
23695504
34132120
29380762
29036702
8818852
61313197
26955957
54546622
16502976
37982425
23793889
15405283
20812359
18452715
33394926
40669432
21188869
19206407
19861779
19157271
17371416
17600802
51532067
30888228
16159016
16372015
31297842
56938803
41292085
9703742
19370303
22106432
27382089
21614927
26874196
24793429
23761245
40604021
1790331
26644864
17699204
46518665
30658954
19468685
57479566
21500317
15896990
21668592
25456215
39129517
14111159
22204857
21402045
22630847
15536582
17011144
23925193
19911148
16617966
46731766
36426236
28332544
17633804
41587218
56480276
24547863
14946844
16933638
36688422
15372841
21778995
25776693
25940534
16175671
59855423
17175104
44552773
59889761
46666320
34067032
16405086
17289829
40587879
17355378
18338430
30626432
21540702
16634502
14455431
58626696
24466064
28578450
43192983
46371483
61018785
33936035
22778534
40981165
30626481
31675060
20730557
15323840
35656385
16356034
17142469
27038411
20206285
30200533
36295402
17584879
26858224
47223538
15880947
30593792
38458117
19911442
59724566
25449251
16667428
53793574
20108071
32265009
18682676
14383241
17978171
14816063
38851392
36082501
23024461
17978193
23827282
41210708
50811734
38015834
20403041
41618918
24340004
31527796
15389560
14996351
6771592
19729900
18060178
16405395
16651158
20960153
44831642
41980831
28840866
46651547
21271462
54236073
38212536
30921665
51762120
31904714
19715022
35214293
25138136
20567006
21174439
59888624
19305467
23499776
18568197
16798727
30643209
18289674
10949662
34608167
15209512
15078444
35869741
19321906
17568822
17323078
22205518
31872081
28841044
29238116
15209575
19305584
15225973
22369398
54084457
6034552
38900864
31216780
15766669
38737039
24712344
27071641
43783329
16307362
16929961
26203308
51647661
19456883
49042620
22400546
48420050
28579032
20796637
42685669
57873645
14718194
34755827
26777813
24466700
28005647
43701527
17650971
17466246
23483694
18732340
28005686
29136189
41637185
17388867
27827817
16471368
17798473
30545226
20714840
43275611
21321057
57087338
24286571
38557038
17552754
35493245
15259010
60085637
14603654
8001772
15713176
58774930
22287773
23827873
30709154
57169333
34969016
35067322
3036611
14636484
16586184
46634442
17700299
59430357
37328362
26318321
16258553
18454013
15881735
27219464
25302539
26088979
49894939
58299935
39802403
51072604
30971440
45766207
25466435
37836361
17569354
14145105
31544917
30611034
22320731
726623
15996514
15134310
6002282
46339692
38540909
15259264
14800514
55662219
59954834
60154819
44717716
58840729
14776602
16520869
17585834
58660524
30873269
30643910
20960968
35854028
6002382
19060445
22550244
25695987
52238070
31643390
24192732
47388421
25171718
14702351
16635664
41408284
44046109
48584484
39278375
15193896
11884332
60954415
21665590
47437627
21387069
60720097
20551498
16439118
21174096
15898454
30644056
20436831
31463266
27055976
6002562
19404676
23484293
1415051
30726030
46651282
17848213
16521110
31430566
46667691
18779805
59905975
36263866
20109246
23156671
15767493
14997451
13326292
53647319
30775257
14260186
31627228
22042595
53975012
38276775
16635886
17553398
58988537
39653034
15194110
33150979
47716364
59103271
36722729
32118839
20092984
55236669
15783998
15587391
12294212
34379847
46946379
17029196
58841167
26253392
15603794
20011094
59873374
22665313
59725929
15636586
23697520
42915953
19601529
16685181
23435396
24467598
26286223
30546064
47847576
22304922
27580571
51533982
14899361
44456102
27335025
26750663
40147119
26450098
31054007
32626883
19301409
27842765
34887886
60152021
20240602
33970396
18012394
55728364
17946861
27138290
29464822
44275967
36165915
16357661
48617759
19306787
55744804
16046377
33937799
30742830
21174576
28465464
17258815
19126593
18880836
14391630
15571280
15259988
40900949
29497687
7313752
15653218
19913064
54286704
30595441
25352563
36444536
41212283
17963399
7149982
48011679
35412396
23730606
46766518
18946463
50190785
19978712
17340892
27089377
61020644
30611944
36723183
50944497
17127938
26647050
21830161
17963543
35101213
18782751
23271971
21846585
60119610
35609147
18192960
20519489
18061893
21420625
10017362
30612051
57154133
39287225
9769112
27777636
20478396
5986922
20339309
17947247
38809363
16865908
18651773
60021377
45292166
59873930
15391373
49404566
16374424
26155674
46668455
40540842
16685749
28449462
38034111
31824576
21174982
19339978
46717655
59726557
31562468
30759655
29055728
21797623
13622012
46652166
47940737
19700501
59824918
26909473
8788772
14949160
30590088
31005490
16194357
55155515
21125948
23092031
53730132
59868303
16685917
47749987
19241844
18586488
17259385
16309117
60201856
59546500
49716104
26762123
28859276
60447631
19684241
29334421
14769048
35806105
49650589
27583643
29514660
18226088
29727657
17390508
25123759
54959029
19323832
19028925
17534151
25648063
15014850
24746952
662473
24452047
27466709
21044195
13845672
14261236
55008247
21797884
35347455
23223299
35871749
60152841
39672842
15670289
20978716
38460448
48192550
21502049
27106349
23600177
36772916
14375989
60152887
46701624
17849410
60005450
53763147
24534101
20339804
53992541
18564283
52272228
15916133
55106670
14228597
31431801
18013310
31153295
55418010
18177180
40901789
27040929
17816738
21552292
16194726
34430136
46652604
28897141
54746308
59923659
16653533
33610977
19455215
14589173
14589176
46603514
59874560
25156868
17767686
37264648
50044171
21699854
27893008
16801041
27516178
22863124
53402902
38788379
16637214
15850787
19799335
25415559
21437748
21273909
18554167
40918328
28335419
21273919
48071904
14900550
14605639
17243473
47553882
28204379
31432042
30891371
16604526
57892208
19864945
14278013
44965247
49470851
30644801
18111882
15159192
30907794
41541019
35560862
22486434
24370603
28220854
59827446
5987782
19930571
38231502
49569232
59903908
20078044
23191009
24911339
19783165
41868801
30055942
44621320
22781459
19422745
32169505
23600674
19160612
26664485
11116072
48504374
16424504
15736384
40869442
18734661
48504400
42704467
43736665
7937632
22322785
50847335
24278629
28909166
16227953
46669428
34774650
15818363
19947133
60137087
17407617
16195203
52660380
37985940
21946011
14416817
56516269
61415087
48389816
21618362
13655742
55320256
35479236
46718661
37215942
15998676
29519822
30596827
6119132
60514018
60137201
26156790
41590524
37281540
18849545
48422667
52813580
31235863
46702370
37527332
15654697
17981227
33054515
10139592
15654713
45653822
59367238
9838412
57794385
15654744
37363546
17882979
25534315
16047984
20750197
40804214
23699321
16228225
21094282
15540118
38723479
35151787
17850284
54681517
41017262
30232563
30711732
16129983
20406213
12476372
10788822
20602839
59973593
11378652
43556835
19554276
25960421
26566652
37165738
22044671
23470081
30892036
46833671
60791494
23076883
18341912
60088348
30236702
14311460
25124905
50847789
19308599
41476153
17883194
44277826
33792069
18948174
16113748
30597206
33841240
31465569
59138146
22356072
46653547
5973352
59596921
30597242
18227340
15769741
60006552
20750491
46275270
22831270
27943079
21127341
55648434
14409910
23584959
21717184
47784129
51273938
14868714
17686764
15769850
47472892
21684480
29368578
14606595
17850628
59891974
27418888
14147879
30646584
17097017
55632195
19554633
18866511
47014224
48079202
26911075
50127212
29335918
16146799
13902192
17080693
30597497
24600958
44048774
40149390
23339410
15311254
15393177
29008286
16841456
59974051
25092519
15884721
14950834
30745017
43983294
38265281
59908549
45408714
18309584
58810833
18276818
55812564
37659099
36479457
40133092
20465062
26272232
31515125
12382292
14262780
23290365
30745091
15131153
42213908
56893982
24322593
16458282
31220278
53731895
27140665
14361150
49373759
30614081
39084611
47915592
35889740
24809570
30623160
29467218
19501155
25600606
30597728
45523582
24140565
24584832
26763911
23388809
37151377
14852755
56517269
41263772
22520481
30745251
20619941
14688942
17408688
17965756
14803653
58270406
15852234
19260113
19538654
32875231
26059503
17326832
15540979
45966070
49767161
30286587
22061820
14639870
28893958
36938514
25781011
43229974
15803165
17539871
17785647
29254458
24175425
30597962
48128846
56582993
27485010
24961888
42935140
29074287
39150448
24306546
2286451
19768182
44000127
39330694
15328145
46687128
15950753
28506952
60100766
30745529
18719683
40281029
18768841
56255436
29254608
30795815
15803365
18457574
18031593
23258101
38708215
25142266
56779772
21455875
19031044
46703627
51307541
23225366
31253527
30729249
13100082
26682425
60139018
29729854
57517122
18768968
26027081
50046026
47752267
20603980
19784783
46146648
15410269
22865009
15246453
17818743
20554873
19148991
60630151
30598297
60826779
35103909
15483994
19129529
15770813
29648070
38020295
27976906
20407508
37430489
15607019
24110318
30385396
34317558
16246014
17278207
41903368
37676306
21570835
27305243
15623462
5989672
28419370
43230507
22766897
34661682
25536051
17966389
49685815
51438904
14345536
23539936
20620615
61296867
24028517
30256810
15983976
40232302
22472053
57664886
6153592
42739067
29828502
45671833
23029150
15689124
15607206
20276648
43443628
17065399
15230393
59008452
32433607
24995273
59942348
24929742
44279247
15427024
58549728
44705252
46671335
34661868
43935216
30844402
44312056
35251712
22586889
23701002
53405203
25683482
17016356
50625457
25634346
38528558
34678320
15328818
24274483
42624566
50341440
50439745
31123013
30516806
15334327
50046543
19883611
46671468
19293810
30746237
30271106
20833930
50336023
39642765
28206737
26683027
37086877
21052357
58369707
18196143
33056435
25700021
10053302
17360575
17147587
51062471
44541640
19080907
59877073
20670172
21702368
15689454
59860724
54969982
17491709
26191616
56747777
30025475
16738070
23586597
52504366
16803631
52340530
15640371
21669690
21456523
21702468
30500685
26306386
21505875
27273045
23963482
25388894
23799648
22950203
33924973
14837632
35284875
27502479
23963536
27273106
17491867
50112417
18376610
17541027
44050341
56584105
31500205
23209902
15034292
18687925
47114166
45852613
60614601
34006989
30549966
55830479
17606611
48392152
18343897
59074528
15289800
25915729
17033192
27961336
15804412
6400002
60139533
20785175
26748955
47015968
43558947
21227559
30844979
32122939
20605000
36792393
21637194
8431692
35612750
27863125
7858262
21784667
53192801
16558185
43919466
17033327
18524281
60139199
44558468
25946246
19968365
20719768
48588953
30681248
17524897
42330275
27013490
55666862
19261615
10234032
23799987
46688444
26037984
44050630
26683593
27257068
30615794
48621830
51783945
15984907
45623581
16427302
46672169
36415786
29780270
13805872
30599477
35825974
34515264
59877088
46295363
22276423
30724493
42264913
33188193
18475369
59353451
20441454
9972082
59828597
26901567
18934146
21637507
18590091
15591821
14051737
38005166
39119290
48818621
21377442
60074446
40069595
16624093
52193760
15084001
17263080
41708023
37054970
19409408
26453760
22080020
45083165
14395937
17213987
5515812
16247333
45361703
16720291
17443375
16132657
39758390
26962487
48495711
23652924
54045261
29649486
34630226
59714131
11217492
20474457
16898730
21015131
30730844
16640616
46819946
14477933
20097646
26176125
17918596
30255760
17345170
20294291
17427108
36465321
34646699
58485425
24013498
53799613
18983619
18131656
16870091
33889401
30796513
27667173
36252390
18754280
17967852
16362223
60041971
32975615
24128261
47753993
25815818
14527244
30649105
54066307
16378651
14134046
27487015
3074861
18688820
59910969
42330948
61123400
33239523
15854422
12381022
3074911
50948969
46181226
51882865
59042681
34024314
15248251
16935808
41855878
30780296
15782380
24669069
30550929
15903634
16034710
38169499
21375900
57355165
17116064
26287261
20786098
28421053
46672838
33108473
47213528
32074714
50473947
22359008
29240298
18672630
59927545
33614848
26520578
21933059
39824390
19622921
14199819
59894798
18754576
48851985
59599890
50949140
41626648
28406277
14674988
48606253
5975092
14494788
42118219
23387320
14560341
26651735
20130904
18803807
18696038
45231210
22948976
28683383
16510083
19508361
42324503
37989519
51244177
21015711
17525922
41888950
19033273
24063165
14888133
14265545
45657293
19803345
56913114
49442016
60157160
47033579
37743857
8629502
21015809
47836438
21376287
29797665
37137706
15740204
57072861
14069052
31206731
20294999
54046048
26668392
15183217
43150707
31501687
38006141
42872209
21114259
60190101
23342490
21015963
42675622
30633387
40250800
18705852
40611268
45280713
20999627
29257167
1764831
29018022
15478248
16674288
19869171
35483132
16723454
14085639
55832073
34221579
30617100
15887886
60091919
19574292
60157472
34795047
60075574
37824436
21634318
38366806
47459927
46657112
5975652
15904358
46575220
45074367
58519174
30715528
22195849
32403082
46673550
34261881
22497220
8040092
29814430
28733088
16658085
33959594
41414317
16674488
27668153
10645182
14741189
18771655
26668754
16395989
29263823
30617314
37662438
27258603
16248569
16035581
20639486
45297409
27225858
19427079
24915725
21262099
17411882
24310407
31256364
61501229
15593270
18460474
30895935
57175872
18689862
15621431
34795348
6008662
30601051
26144606
48475999
47525731
37367669
23916406
15052672
29912980
37711770
16117664
44625836
16265140
17330114
26505155
30601156
30257093
29847497
15757262
16412647
4665321
22228971
17887215
17379314
18149375
30715906
19050501
10039302
22999048
40955915
15773708
10072092
56258596
18804785
60616754
16855101
20852801
55898180
14331973
17412168
22966352
27570260
28569691
56750176
53440613
18739307
30896237
24391794
47263869
30781575
15822984
14397592
21721250
22966437
40972457
34681011
16642236
40923327
60190916
29814982
14577865
17887437
22196433
24834260
30748890
21278940
41758944
23884496
40382691
18106406
31404266
35877099
55177459
41545984
30716167
37024016
44052757
52244759
20148513
15282469
47673648
12316982
12382522
46674235
15069500
19788095
18363105
651593
3092811
19280208
27013457
22901083
23212397
15839602
31584631
22032764
59863421
47690116
27554182
17543561
23114136
25719195
5976482
21508515
24932774
47706539
16265970
34648494
31505821
16150960
5976502
27668933
23704009
40513996
25309651
45707736
53965283
38810087
54669801
30110192
48804345
47458390
33829383
14977112
33960480
59912738
47067683
16888361
30732847
45019698
43823673
45953595
16101952
40710725
36205134
19971928
20312660
59568725
14725723
25539167
26112785
9253482
18313835
16183922
43509866
15807102
26227330
55046789
8647302
18297479
34304649
37466762
22409869
16134810
59847331
17543847
43938588
22065844
18182841
42234572
46674638
30814928
28766929
15733539
47477465
30290657
39514850
26194661
15725298
22295286
33026808
17494781
58143492
51933957
30733062
34648849
59274006
26456860
42674310
27095846
783145
20476715
41857837
18068272
17593139
36718729
21992244
37237567
11350852
30618438
46412618
17036107
30765901
38777680
41923409
45609820
33583966
23163748
18297702
22672235
26293100
19166072
16872320
47723400
16331659
20624269
46445455
5976992
24212385
6009762
53277605
7304102
23245735
30738588
60076977
16249784
18723770
15250367
19458208
19100615
29848522
15307597
30599331
14267349
24490977
37417969
44676083
46658560
15741953
30356482
25572357
19477515
53425173
60093462
28292119
54785050
14939170
22197283
35009573
54703142
32437287
39908393
11351092
33633343
17331270
33961036
23573589
51115094
59634777
27276392
34468972
46675058
14791810
44561539
27784334
28701845
18183318
26096802
18677275
47543464
25801909
60077244
42104003
30864583
21001422
13202642
25834707
58373334
6993112
33065169
20247796
48493813
27915536
44266771
46429462
8697112
29799710
24147232
16135462
33731886
30717233
15709500
42925622
46675274
21263692
28063062
46953359
21329250
22000999
43005293
6010222
14185839
20804997
60011910
24819081
18888074
33650061
25294222
14497169
21509528
16086427
30717347
27080104
43955628
36284658
25245114
19002812
58684877
22345166
14775759
15791573
32159191
44643802
38925795
55997932
31012342
24491517
24032768
47052290
30275088
14186008
60749343
44709412
45577766
21967793
54130227
30602804
8959542
59766328
34666041
48608828
22918719
30897733
9385542
21755468
38581845
16971351
46658490
17643109
30602855
46675560
21132919
30602872
22951546
29357695
41449100
38336145
24082071
14415513
34064666
56571551
15283875
32487081
47380141
18151089
19347123
20608695
26080957
21591743
10221252
17168071
17823433
16840400
42727125
17725144
18495199
30766821
34174694
15628017
46675701
15906551
36337403
44037887
39788161
25573140
59881237
46495519
16348964
4372261
16938790
9500462
18249523
18003768
18904892
33421131
15447886
22624079
32962384
17037138
39663443
19003234
26949476
23459695
52115312
18757490
43267959
48035704
14237332
23705470
19036038
30046089
41875344
41383830
15775639
30750622
14682440
30864371
14563254
22607808
31930306
14235587
48068549
23508936
33437645
46610398
16940710
41367536
23803902
5978122
23279628
51902488
10680352
26916899
30603303
33436523
14579757
48773172
46741560
37763149
42956880
21264468
735323
40958049
37189734
45091175
50247791
50772094
32782465
42039426
28539017
20068497
22689938
43907223
20789401
15382685
33290414
38566075
12581052
34453693
59701440
17348804
30718151
45283531
14547159
5044451
29866217
16988410
15038721
31455492
18233605
24148230
22182152
44562698
26917574
18397466
30357788
22378790
60111145
14842159
42481968
55228721
30905110
24099125
30734646
15513916
30718271
38730048
23034177
59881796
16578890
46659918
20494671
45857112
41515353
15530333
28981598
12237152
19364195
46659940
57260397
31504753
47413624
59996541
15137152
60471684
28522888
28404121
15219098
19134879
19478958
37976503
18151865
15727034
42154428
41556181
59881928
52083148
20003286
57817572
20625895
31062507
38124015
14023152
14531068
30718477
30714286
23098457
35273249
36731442
27687481
50641467
34650685
17611328
50723395
30227026
25131615
40319584
25950824
25770614
38517372
28375695
14776977
28432076
22297257
23345838
15137464
35837046
51935942
28195532
18086606
60881617
15563479
18152157
20789989
30867239
59882223
19806960
28244731
21432789
34028293
25426708
59947798
51329821
38320926
18217764
14089005
30653233
14302008
14842686
39762752
16378336
18086724
23362376
17955665
22854494
35994463
24607584
50346851
47266660
17218406
27294578
46480244
24886148
39009163
18627470
50658193
16743329
56532806
18693035
16546732
30735281
39893943
46250945
21625797
34559138
18250722
57768931
18512881
24804080
58714624
37846019
28638216
20872201
27303768
19708956
18185249
58539051
46961843
43187253
40008758
50150457
46678889
26031285
17251395
25001048
14777439
15073931
47641436
41385068
14564467
25967742
19774592
45350019
38206598
43547785
31030411
30702734
55377051
46677163
23005725
17136817
19791027
26246334
27311297
36469955
19463370
56376532
26541272
19819044
17595621
19037418
32914667
19184877
17546479
26279806
42925312
18849665
15924494
14236946
25422383
30752046
14171439
30358839
48495931
59899205
43334983
34618702
14302550
30031197
16940382
18988387
18169188
25017718
36584823
46103935
24542597
21511563
31178128
40254865
18447765
30604695
34946456
21544347
24608157
30899615
24001954
14482851
28507557
59963033
52805036
26492347
12402112
17055173
16809421
13106642
19217882
15334878
6766062
29162996
14390527
30260734
25337773
18349589
30588443
34340385
44645927
23772714
17006134
22986300
24641090
19480134
16481873
14745185
17923684
22855270
28769898
31112816
20774520
15924867
16481928
34553483
28147341
57867918
14253716
50003608
15924893
46612127
36863653
18169510
26427047
30588586
25837232
45894261
28016333
48496341
47513306
9256682
27590379
16252660
14663414
35094265
23494394
42876669
22888191
30736157
19480358
25345831
24313640
51543865
35471162
36208448
60456771
21249860
21937994
22978102
15925073
6602582
39337815
17858392
15187805
14852069
30900072
40501097
55902068
30687102
60129156
11927432
9093002
22396813
35340269
23625617
26214290
34963347
15859604
17989541
21233585
27099061
21036982
22973087
60637123
22544325
42549190
36798407
18513865
27557837
25018320
46923730
42123221
21151704
22970348
30605293
18522109
19349488
46678012
